500 0.0228992
1000 0.0271602
1500 0.0235884
2000 0.0162032
2500 0.0135673
3000 0.000575212
3500 0.00589679
4000 -0.00379803
4500 -0.00706976
5000 -0.00191511
5500 -0.00211205
6000 -0.00553103
6500 -0.00818134
7000 -0.00766239
7500 -0.00481736
8000 -0.00191511
8500 -0.00127391
9000 0.000205769
9500 0.00377149
10000 0.00108772
10500 -0.00134287
11000 0.00106558
11500 -1.36319e-05
12000 0.00200413
12500 0.000579448
13000 0.000273767
13500 0.000598755
14000 -0.000155231
14500 0.00140857
15000 0.0038548
15500 0.00179643
16000 0.00202366
16500 0.00263583
17000 0.00243827
17500 0.00300388
18000 0.00362964
18500 0.00466645
19000 0.00590882
19500 0.00556856
20000 0.00384608
20500 0.00405424
21000 0.00386051
21500 0.00176108
22000 0.00177771
22500 0.0024524
23000 0.00338433
23500 0.00357581
24000 0.00231785
24500 0.00319569
25000 0.00285222
25500 0.00161748
26000 0.00188784
26500 0.00202366
27000 0.00215447
27500 0.00293986
28000 0.00269648
28500 0.00228809
29000 0.00195057
29500 0.00117736
30000 0.000264956
30500 8.51703e-05
31000 0.000389897
31500 -0.000152632
32000 -0.000265977
32500 -0.00128925
33000 -0.00128205
33500 -0.000733476
34000 -0.00126827
34500 -0.000831377
35000 -0.000689712
35500 -0.00115612
36000 -0.000876407
36500 0.00048044
37000 0.000373839
37500 0.001326
38000 0.000950581
38500 0.000670604
39000 0.000440096
39500 0.000340734
40000 0.000120088
40500 -0.000217361
41000 -0.000828352
41500 -0.00166325
42000 -0.00106373
42500 -0.00117728
43000 -0.00182555
43500 -0.00181393
44000 -0.00214018
44500 -0.00205111
45000 -0.00269762
45500 -0.00202394
46000 -0.00118545
46500 -0.00142995
47000 -0.00166925
47500 -0.00183402
48000 -0.00185779
48500 -0.00198319
49000 -0.00166803
49500 -0.00189287
50000 -0.00171699
50500 -0.00154458
51000 -0.000922322
51500 -0.00111361
52000 -0.00155525
52500 -0.00167399
53000 -0.0015101
53500 -0.00168878
54000 -0.00152778
54500 -0.00121825
55000 -0.00187508
55500 -0.00177626
56000 -0.00203306
56500 -0.00193459
57000 -0.00146122
57500 -0.0010535
58000 -0.00116532
58500 -0.00141638
59000 -0.00138327
59500 -0.00148951
60000 -0.00104347
60500 -0.000823171
61000 -0.00101261
61500 -0.00095727
62000 -0.000849547
62500 -0.000902101
63000 -0.000665437
63500 -0.000822656
64000 -0.000874191
64500 -0.000796887
65000 -0.000822416
65500 -0.000469291
66000 -0.000772209
66500 -0.000524118
67000 -0.000205763
67500 -0.000308136
68000 -0.000579049
68500 -1.9902e-06
69000 -7.85316e-06
69500 0.000200284
70000 0.00045265
70500 0.000490556
71000 0.000620996
71500 0.000818928
72000 0.000784672
72500 0.00116104
73000 0.00157752
73500 0.00151633
74000 0.00179085
74500 0.00148512
75000 0.00173416
75500 0.00204555
76000 0.00193982
76500 0.00196505
77000 0.0018183
77500 0.00190794
78000 0.0019117
78500 0.00191542
79000 0.00145899
79500 0.00129925
80000 0.00151325
80500 0.00151934
81000 0.001199
81500 0.00128804
82000 0.00135585
82500 0.00152297
83000 0.00115059
83500 0.00115864
84000 0.000989561
84500 0.00107668
85000 0.00139605
85500 0.00149911
86000 0.00133198
86500 0.000880238
87000 0.000984479
87500 0.000993109
88000 0.000888976
88500 0.000767347
89000 0.000684216
89500 0.000546625
90000 0.000190233
90500 9.34049e-05
91000 -5.68378e-05
91500 -0.000133201
92000 -0.000729628
92500 -0.00053356
93000 -0.000463982
93500 -0.000183058
94000 -1.06008e-05
94500 7.25978e-05
95000 0.000207107
95500 0.000322906
96000 0.000282571
96500 0.00046528
97000 0.000373517
97500 0.000164047
98000 0.000226524
98500 0.000523256
99000 0.0003162
99500 0.000260708
100000 0.000222296
