500 0.966146
1000 0.97017
1500 0.966797
2000 0.959821
2500 0.957332
3000 0.94506
3500 0.950087
4000 0.94093
4500 0.93784
5000 0.942708
5500 0.942522
6000 0.939293
6500 0.93679
7000 0.93728
7500 0.939967
8000 0.942708
8500 0.943314
9000 0.944712
9500 0.948079
10000 0.945545
10500 0.943249
11000 0.945524
11500 0.944504
12000 0.94641
12500 0.945064
13000 0.944776
13500 0.945083
14000 0.944371
14500 0.945848
15000 0.948158
15500 0.946214
16000 0.946429
16500 0.947007
17000 0.94682
17500 0.947354
18000 0.947945
18500 0.948925
19000 0.950098
19500 0.949777
20000 0.94815
20500 0.948346
21000 0.948164
21500 0.946181
22000 0.946196
22500 0.946834
23000 0.947714
23500 0.947895
24000 0.946706
24500 0.947536
25000 0.947211
25500 0.946045
26000 0.9463
26500 0.946429
27000 0.946552
27500 0.947294
28000 0.947064
28500 0.946678
29000 0.94636
29500 0.945629
30000 0.944767
30500 0.944598
31000 0.944885
31500 0.944373
32000 0.944266
32500 0.943299
33000 0.943306
33500 0.943824
34000 0.943319
34500 0.943732
35000 0.943866
35500 0.943425
36000 0.943689
36500 0.944971
37000 0.94487
37500 0.94577
38000 0.945415
38500 0.945151
39000 0.944933
39500 0.944839
40000 0.944631
40500 0.944312
41000 0.943735
41500 0.942946
42000 0.943512
42500 0.943405
43000 0.942793
43500 0.942804
44000 0.942496
44500 0.94258
45000 0.941969
45500 0.942606
46000 0.943398
46500 0.943167
47000 0.942941
47500 0.942785
48000 0.942762
48500 0.942644
49000 0.942942
49500 0.942729
50000 0.942895
50500 0.943058
51000 0.943646
51500 0.943465
52000 0.943048
52500 0.942936
53000 0.943091
53500 0.942922
54000 0.943074
54500 0.943367
55000 0.942746
55500 0.942839
56000 0.942597
56500 0.94269
57000 0.943137
57500 0.943522
58000 0.943417
58500 0.943179
59000 0.943211
59500 0.94311
60000 0.943532
60500 0.94374
61000 0.943561
61500 0.943613
62000 0.943715
62500 0.943665
63000 0.943889
63500 0.94374
64000 0.943691
64500 0.943765
65000 0.94374
65500 0.944074
66000 0.943788
66500 0.944022
67000 0.944323
67500 0.944226
68000 0.94397
68500 0.944515
69000 0.94451
69500 0.944706
70000 0.944945
70500 0.944981
71000 0.945104
71500 0.945291
72000 0.945258
72500 0.945614
73000 0.946007
73500 0.945949
74000 0.946209
74500 0.94592
75000 0.946155
75500 0.946449
76000 0.946349
76500 0.946373
77000 0.946235
77500 0.946319
78000 0.946323
78500 0.946326
79000 0.945895
79500 0.945744
80000 0.945946
80500 0.945952
81000 0.94565
81500 0.945734
82000 0.945798
82500 0.945956
83000 0.945604
83500 0.945612
84000 0.945452
84500 0.945534
85000 0.945836
85500 0.945933
86000 0.945775
86500 0.945349
87000 0.945447
87500 0.945455
88000 0.945357
88500 0.945242
89000 0.945163
89500 0.945033
90000 0.944697
90500 0.944605
91000 0.944464
91500 0.944391
92000 0.943828
92500 0.944013
93000 0.944079
93500 0.944344
94000 0.944507
94500 0.944586
95000 0.944713
95500 0.944822
96000 0.944784
96500 0.944957
97000 0.94487
97500 0.944672
98000 0.944731
98500 0.945011
99000 0.944816
99500 0.944763
100000 0.944727
