500 0.166566
1000 0.141613
1500 0.119389
2000 0.107748
2500 0.0649538
3000 0.0691681
3500 0.049338
4000 0.0243023
4500 0.0047091
5000 0.00712226
5500 -8.58869e-05
6000 -0.0094872
6500 -0.0205832
7000 -0.0301164
7500 -0.015371
8000 -0.0253197
8500 -0.0113708
9000 -0.00347926
9500 -0.0146373
10000 -0.0206141
10500 -0.0299113
11000 -0.0179699
11500 -0.0194808
12000 -0.00215183
12500 0.00318181
13000 0.0128227
13500 0.0202411
14000 0.014723
14500 0.013108
15000 0.0129632
15500 0.012168
16000 0.0120614
16500 0.0163018
17000 0.0166825
17500 0.015872
18000 0.0156749
18500 0.00940096
19000 0.0163894
19500 0.0203955
20000 0.0201055
20500 0.0208289
21000 0.0215181
21500 0.0159803
22000 0.0148849
22500 0.0170261
23000 0.0199659
23500 0.0240895
24000 0.0212084
24500 0.0284865
25000 0.0326041
25500 0.0269109
26000 0.032084
26500 0.0308712
27000 0.0297032
27500 0.0285775
28000 0.025294
28500 0.0257243
29000 0.0254324
29500 0.023064
30000 0.0214581
30500 0.0225957
31000 0.0207181
31500 0.0215057
32000 0.0193828
32500 0.0198511
33000 0.0199941
33500 0.020133
34000 0.0202677
34500 0.0233735
35000 0.0240448
35500 0.0252755
36000 0.024191
36500 0.0245423
37000 0.0248842
37500 0.0260383
38000 0.0228394
38500 0.0239901
39000 0.0245848
39500 0.0241247
40000 0.0249596
40500 0.0222246
41000 0.0210587
41500 0.019426
42000 0.0175876
42500 0.0196583
43000 0.0207258
43500 0.0203522
44000 0.0190535
44500 0.0184762
45000 0.0163142
45500 0.0180369
46000 0.0199456
46500 0.0187209
47000 0.0197076
47500 0.0200248
48000 0.0186235
48500 0.0189454
49000 0.0182125
49500 0.0187396
50000 0.0169961
50500 0.0179316
51000 0.0174388
51500 0.0177534
52000 0.0166791
52500 0.0164079
53000 0.0176926
53500 0.0178011
54000 0.0154341
54500 0.0165039
55000 0.0162466
55500 0.0185858
56000 0.0179476
56500 0.0184118
57000 0.0192284
57500 0.0216392
58000 0.0220596
58500 0.0205407
59000 0.0192217
59500 0.0184429
60000 0.0197323
60500 0.020321
61000 0.0203947
61500 0.0211356
62000 0.020207
62500 0.0211019
63000 0.0205146
63500 0.0207457
64000 0.0193673
64500 0.0197631
65000 0.0215758
65500 0.0227332
66000 0.0237174
66500 0.0234503
67000 0.0236475
67500 0.0224713
68000 0.0210102
68500 0.0195703
69000 0.0196409
69500 0.0183794
70000 0.0180169
70500 0.0183886
71000 0.0193341
71500 0.0188289
72000 0.0186161
72500 0.0178392
73000 0.0179177
73500 0.0165967
74000 0.0176549
74500 0.0171812
75000 0.0169879
75500 0.0159803
76000 0.0144448
76500 0.0157513
77000 0.0145043
77500 0.0140692
78000 0.0136397
78500 0.0145252
79000 0.0135777
79500 0.01303
80000 0.0132603
80500 0.0131045
81000 0.0134583
81500 0.0126725
82000 0.0127739
82500 0.0118772
83000 0.0117344
83500 0.0115934
84000 0.0110868
84500 0.0109513
85000 0.0109383
85500 0.0116469
86000 0.0115104
86500 0.0105435
87000 0.0105332
87500 0.0093479
88000 0.00829291
88500 0.00829541
89000 0.00806684
89500 0.0079557
90000 0.00670337
90500 0.00626015
91000 0.00638673
91500 0.00482635
92000 0.00540639
92500 0.00586901
93000 0.00610553
93500 0.00578968
94000 0.00536779
94500 0.00495037
95000 0.00410439
95500 0.00531298
96000 0.0042597
96500 0.00481565
97000 0.00504786
97500 0.00527768
98000 0.00435098
98500 0.00593913
99000 0.00574551
99500 0.00462373
100000 0.00392446
