500 1.10184
1000 1.07827
1500 1.05728
2000 1.04629
2500 1.00587
3000 1.00985
3500 0.991118
4000 0.967471
4500 0.948965
5000 0.951244
5500 0.944436
6000 0.935556
6500 0.925076
7000 0.916072
7500 0.929999
8000 0.920602
8500 0.933777
9000 0.941231
9500 0.930692
10000 0.925047
10500 0.916265
11000 0.927544
11500 0.926117
12000 0.942485
12500 0.947522
13000 0.956628
13500 0.963635
14000 0.958423
14500 0.956898
15000 0.956761
15500 0.95601
16000 0.955909
16500 0.959915
17000 0.960274
17500 0.959509
18000 0.959322
18500 0.953397
19000 0.959997
19500 0.963781
20000 0.963507
20500 0.96419
21000 0.964841
21500 0.959611
22000 0.958576
22500 0.960599
23000 0.963375
23500 0.96727
24000 0.964549
24500 0.971423
25000 0.975312
25500 0.969935
26000 0.974821
26500 0.973676
27000 0.972572
27500 0.971509
28000 0.968408
28500 0.968814
29000 0.968539
29500 0.966301
30000 0.964785
30500 0.965859
31000 0.964086
31500 0.96483
32000 0.962825
32500 0.963267
33000 0.963402
33500 0.963533
34000 0.96366
34500 0.966594
35000 0.967228
35500 0.96839
36000 0.967366
36500 0.967698
37000 0.968021
37500 0.969111
38000 0.966089
38500 0.967176
39000 0.967738
39500 0.967303
40000 0.968092
40500 0.965509
41000 0.964408
41500 0.962865
42000 0.961129
42500 0.963085
43000 0.964093
43500 0.96374
44000 0.962514
44500 0.961968
45000 0.959926
45500 0.961553
46000 0.963356
46500 0.962199
47000 0.963131
47500 0.963431
48000 0.962107
48500 0.962411
49000 0.961719
49500 0.962217
50000 0.96057
50500 0.961454
51000 0.960988
51500 0.961286
52000 0.960271
52500 0.960015
53000 0.961228
53500 0.961331
54000 0.959095
54500 0.960105
55000 0.959862
55500 0.962072
56000 0.961469
56500 0.961907
57000 0.962679
57500 0.964956
58000 0.965353
58500 0.963918
59000 0.962672
59500 0.961937
60000 0.963155
60500 0.963711
61000 0.96378
61500 0.96448
62000 0.963603
62500 0.964448
63000 0.963894
63500 0.964112
64000 0.96281
64500 0.963184
65000 0.964896
65500 0.965989
66000 0.966919
66500 0.966666
67000 0.966853
67500 0.965742
68000 0.964362
68500 0.963002
69000 0.963068
69500 0.961877
70000 0.961535
70500 0.961886
71000 0.962779
71500 0.962301
72000 0.9621
72500 0.961367
73000 0.961441
73500 0.960193
74000 0.961193
74500 0.960745
75000 0.960563
75500 0.959611
76000 0.958161
76500 0.959395
77000 0.958217
77500 0.957806
78000 0.9574
78500 0.958236
79000 0.957342
79500 0.956824
80000 0.957042
80500 0.956895
81000 0.957229
81500 0.956487
82000 0.956582
82500 0.955735
83000 0.955601
83500 0.955467
84000 0.954989
84500 0.954861
85000 0.954849
85500 0.955518
86000 0.955389
86500 0.954476
87000 0.954466
87500 0.953346
88000 0.95235
88500 0.952352
89000 0.952136
89500 0.952031
90000 0.950849
90500 0.95043
91000 0.95055
91500 0.949076
92000 0.949624
92500 0.950061
93000 0.950284
93500 0.949986
94000 0.949587
94500 0.949193
95000 0.948394
95500 0.949535
96000 0.948541
96500 0.949066
97000 0.949285
97500 0.949502
98000 0.948627
98500 0.950127
99000 0.949944
99500 0.948884
100000 0.948224
