500 0
600 0
700 0
800 0
900 0
1000 0
1100 0
1200 1
1300 1
1400 1
1500 1
1600 1
1700 1
1800 1
1900 1
2000 1
2100 1
2200 2
2300 2
2400 2
2500 2
2600 2
2700 2
2800 2
2900 2
3000 2
3100 2
3200 3
3300 3
3400 3
3500 3
3600 3
3700 3
3800 3
3900 3
4000 3
4100 3
4200 4
4300 4
4400 4
4500 4
4600 4
4700 4
4800 4
4900 4
5000 4
5100 5
5200 5
5300 5
5400 5
5500 5
5600 5
5700 5
5800 5
5900 6
6000 6
6100 6
6200 6
6300 6
6400 6
6500 6
6600 6
6700 6
6800 6
6900 6
7000 7
7100 7
7200 7
7300 7
7400 7
7500 7
7600 7
7700 7
7800 7
7900 7
8000 8
8100 7
8200 8
8300 8
8400 8
8500 8
8600 8
8700 8
8800 8
8900 9
9000 9
9100 9
9200 9
9300 9
9400 9
9500 9
9600 10
9700 9
9800 10
9900 9
10000 10
10100 10
10200 10
10300 10
10400 10
10500 10
10600 11
10700 10
10800 11
10900 11
11000 11
11100 11
11200 11
11300 11
11400 11
11500 11
11600 11
11700 11
11800 11
11900 12
12000 12
12100 12
12200 12
12300 12
12400 12
12500 12
12600 13
12700 13
12800 12
12900 13
13000 13
13100 13
13200 13
13300 13
13400 13
13500 13
13600 14
13700 14
13800 14
13900 14
14000 14
14100 14
14200 14
14300 14
14400 14
14500 14
14600 15
14700 14
14800 15
14900 15
15000 15
15100 14
15200 15
15300 15
15400 15
15500 16
15600 15
15700 15
15800 15
15900 16
16000 16
16100 16
16200 16
16300 16
16400 16
16500 16
16600 16
16700 16
16800 17
16900 17
17000 19
17100 17
17200 18
17300 18
17400 17
17500 17
17600 18
17700 18
17800 18
17900 18
18000 18
18100 18
18200 18
18300 19
18400 19
18500 19
18600 19
18700 19
18800 19
18900 19
19000 19
19100 19
19200 20
19300 19
19400 20
19500 20
19600 20
19700 20
19800 20
19900 20
20000 21
20100 21
20200 21
20300 21
20400 21
20500 21
20600 21
20700 21
20800 22
20900 22
21000 22
21100 22
21200 22
21300 22
21400 22
21500 22
21600 22
21700 23
21800 22
21900 23
22000 22
22100 23
22200 23
22300 23
22400 24
22500 24
22600 23
22700 23
22800 24
22900 23
23000 24
23100 24
23200 24
23300 24
23400 24
23500 24
23600 24
23700 24
23800 24
23900 24
24000 25
24100 25
24200 25
24300 25
24400 25
24500 25
24600 25
24700 26
24800 26
24900 26
25000 26
25100 26
25200 26
25300 26
25400 26
25500 26
25600 27
25700 27
25800 27
25900 26
26000 26
26100 27
26200 27
26300 27
26400 27
26500 27
26600 27
26700 28
26800 28
26900 28
27000 28
27100 28
27200 28
27300 28
27400 28
27500 28
27600 28
27700 29
27800 29
27900 29
28000 29
28100 29
28200 29
28300 29
28400 29
28500 29
28600 30
28700 29
28800 30
28900 30
29000 30
29100 30
29200 30
29300 30
29400 30
29500 30
29600 30
29700 30
29800 31
29900 31
30000 31
30100 31
30200 31
30300 31
30400 31
30500 31
30600 31
30700 32
30800 32
30900 32
31000 32
31100 32
31200 32
31300 32
31400 32
31500 32
31600 33
31700 33
31800 33
31900 33
32000 33
32100 33
32200 33
32300 33
32400 33
32500 33
32600 33
32700 34
32800 33
32900 34
33000 34
33100 34
33200 34
33300 34
33400 35
33500 35
33600 35
33700 35
33800 35
33900 35
34000 36
34100 35
34200 36
34300 36
34400 36
34500 36
34600 36
34700 36
34800 36
34900 37
35000 37
35100 37
35200 37
35300 37
35400 37
35500 37
35600 37
35700 37
35800 38
35900 38
36000 38
36100 38
36200 38
36300 38
36400 38
36500 38
36600 38
36700 39
36800 39
36900 39
37000 39
37100 39
37200 39
37300 39
37400 40
37500 40
37600 40
37700 40
37800 40
37900 40
38000 40
38100 40
38200 40
38300 41
38400 41
38500 41
38600 41
38700 41
38800 41
38900 41
39000 41
39100 41
39200 42
39300 42
39400 42
39500 42
39600 42
39700 42
39800 43
39900 43
40000 43
40100 43
40200 44
40300 43
40400 43
40500 43
40600 43
40700 43
40800 44
40900 44
41000 44
41100 44
41200 44
41300 44
41400 45
41500 44
41600 45
41700 45
41800 45
41900 45
42000 45
42100 45
42200 45
42300 45
42400 45
42500 45
42600 45
42700 45
42800 46
42900 46
43000 46
43100 46
43200 46
43300 46
43400 46
43500 46
43600 47
43700 47
43800 47
43900 47
44000 47
44100 47
44200 47
44300 47
44400 48
44500 48
44600 47
44700 48
44800 48
44900 48
45000 48
45100 48
45200 48
45300 48
45400 48
45500 48
45600 49
45700 49
45800 49
45900 49
46000 49
46100 49
46200 49
46300 49
46400 50
46500 49
46600 50
46700 50
46800 50
46900 50
47000 50
47100 50
47200 50
47300 50
47400 51
47500 51
47600 51
47700 51
47800 51
47900 51
48000 51
48100 51
48200 52
48300 52
48400 52
48500 52
48600 52
48700 52
48800 52
48900 52
49000 52
49100 52
49200 52
49300 53
49400 52
49500 53
49600 53
49700 53
49800 53
49900 53
50000 53
50100 54
50200 53
50300 54
50400 54
50500 54
50600 54
50700 54
50800 54
50900 54
51000 54
51100 55
51200 55
51300 55
51400 55
51500 55
51600 55
51700 55
51800 55
51900 55
52000 55
52100 56
52200 56
52300 56
52400 56
52500 56
52600 56
52700 56
52800 56
52900 56
53000 56
53100 56
53200 57
53300 57
53400 57
53500 57
53600 57
53700 57
53800 57
53900 57
54000 57
54100 57
54200 58
54300 58
54400 58
54500 58
54600 58
54700 58
54800 58
54900 58
55000 59
55100 59
55200 58
55300 59
55400 59
55500 59
55600 59
55700 59
55800 59
55900 59
56000 59
56100 59
56200 60
56300 60
56400 60
56500 60
56600 60
56700 60
56800 60
56900 60
57000 60
57100 61
57200 60
57300 61
57400 61
57500 61
57600 61
57700 61
57800 61
57900 61
58000 61
58100 62
58200 61
58300 62
58400 62
58500 62
58600 62
58700 62
58800 62
58900 63
59000 62
59100 63
59200 63
59300 63
59400 63
59500 63
59600 63
59700 63
59800 63
59900 63
60000 63
60100 64
60200 64
60300 64
60400 64
60500 64
60600 64
60700 65
60800 64
60900 64
61000 65
61100 65
61200 65
61300 65
61400 65
61500 65
61600 65
61700 65
61800 65
61900 65
62000 66
62100 66
62200 66
62300 66
62400 66
62500 66
62600 66
62700 66
62800 66
62900 67
63000 67
63100 67
63200 67
63300 67
63400 67
63500 67
63600 67
63700 67
63800 67
63900 67
64000 67
64100 68
64200 68
64300 68
64400 68
64500 68
64600 68
64700 68
64800 68
64900 68
65000 68
65100 69
65200 69
65300 69
65400 69
65500 69
65600 69
65700 69
65800 69
65900 70
66000 70
66100 70
66200 70
66300 70
66400 70
66500 71
66600 71
66700 71
66800 71
66900 71
67000 71
67100 71
67200 72
67300 72
67400 72
67500 72
67600 72
67700 72
67800 72
67900 72
68000 73
68100 73
68200 73
68300 73
68400 73
68500 73
68600 73
68700 73
68800 73
68900 74
69000 74
69100 74
69200 74
69300 74
69400 74
69500 75
69600 75
69700 75
69800 75
69900 75
70000 75
70100 75
70200 75
70300 75
70400 75
70500 75
70600 76
70700 76
70800 76
70900 76
71000 76
71100 76
71200 77
71300 76
71400 77
71500 77
71600 77
71700 77
71800 77
71900 77
72000 77
72100 77
72200 78
72300 78
72400 78
72500 78
72600 78
72700 78
72800 78
72900 79
73000 79
73100 79
73200 79
73300 79
73400 79
73500 80
73600 79
73700 80
73800 80
73900 80
74000 80
74100 80
74200 80
74300 81
74400 80
74500 81
74600 81
74700 81
74800 81
74900 81
75000 82
75100 82
75200 82
75300 82
75400 82
75500 82
75600 82
75700 82
75800 82
75900 83
76000 83
76100 82
76200 83
76300 83
76400 86
76500 85
76600 85
76700 85
76800 86
76900 85
77000 85
77100 85
77200 85
77300 85
77400 85
77500 86
77600 86
77700 86
77800 86
77900 85
78000 85
78100 86
78200 85
78300 86
78400 86
78500 86
78600 86
78700 86
78800 86
78900 87
79000 86
79100 87
79200 87
79300 87
79400 87
79500 87
79600 87
79700 87
79800 87
79900 88
80000 88
80100 88
80200 88
80300 88
80400 88
80500 88
80600 88
80700 89
80800 88
80900 89
81000 89
81100 89
81200 89
81300 89
81400 89
81500 89
81600 89
81700 90
81800 90
81900 90
82000 90
82100 90
82200 90
82300 90
82400 90
82500 91
82600 91
82700 91
82800 91
82900 91
83000 91
83100 91
83200 91
83300 91
83400 91
83500 92
83600 92
83700 92
83800 92
83900 92
84000 92
84100 93
84200 94
84300 94
84400 94
84500 93
84600 93
84700 93
84800 93
84900 93
85000 93
85100 93
85200 93
85300 93
85400 93
85500 93
85600 94
85700 93
85800 94
85900 94
86000 94
86100 94
86200 95
86300 95
86400 94
86500 95
86600 95
86700 95
86800 95
86900 95
87000 95
87100 96
87200 95
87300 96
87400 96
87500 96
87600 96
87700 96
87800 96
87900 96
88000 96
88100 96
88200 96
88300 96
88400 97
88500 97
88600 97
88700 97
88800 97
88900 97
89000 97
89100 98
89200 98
89300 98
89400 98
89500 98
89600 98
89700 98
89800 98
89900 98
90000 99
90100 98
90200 99
90300 99
90400 98
90500 99
90600 99
90700 100
90800 100
90900 99
91000 99
91100 99
91200 100
91300 100
91400 100
91500 100
91600 100
91700 101
91800 101
91900 101
92000 101
92100 101
92200 101
92300 101
92400 101
92500 101
92600 102
92700 101
92800 102
92900 101
93000 102
93100 102
93200 102
93300 102
93400 102
93500 102
93600 102
93700 102
93800 103
93900 103
94000 103
94100 103
94200 103
94300 103
94400 103
94500 104
94600 103
94700 103
94800 104
94900 103
95000 104
95100 104
95200 104
95300 104
95400 104
95500 104
95600 105
95700 105
95800 105
95900 104
96000 105
96100 105
96200 105
96300 105
96400 105
96500 106
96600 105
96700 106
96800 106
96900 107
97000 106
97100 106
97200 106
97300 107
97400 107
97500 107
97600 106
97700 107
97800 108
97900 107
98000 108
98100 108
98200 107
98300 107
98400 108
98500 108
98600 108
98700 107
98800 108
98900 108
99000 108
99100 108
99200 108
99300 109
99400 108
99500 108
99600 108
99700 109
99800 108
99900 109
100000 109
