500 0
600 0
700 0
800 0
900 0
1000 0
1100 0
1200 0
1300 0
1400 0
1500 0
1600 0
1700 0
1800 0
1900 0
2000 0
2100 0
2200 0
2300 0
2400 0
2500 0
2600 0
2700 0
2800 0
2900 0
3000 0
3100 0
3200 0
3300 0
3400 0
3500 0
3600 0
3700 0
3800 0
3900 0
4000 1
4100 1
4200 1
4300 1
4400 1
4500 1
4600 1
4700 1
4800 1
4900 1
5000 1
5100 1
5200 1
5300 1
5400 1
5500 1
5600 1
5700 1
5800 1
5900 1
6000 1
6100 1
6200 1
6300 1
6400 1
6500 1
6600 1
6700 1
6800 1
6900 1
7000 1
7100 1
7200 1
7300 1
7400 1
7500 1
7600 1
7700 1
7800 1
7900 2
8000 2
8100 2
8200 2
8300 2
8400 2
8500 2
8600 2
8700 2
8800 2
8900 2
9000 2
9100 2
9200 2
9300 2
9400 2
9500 2
9600 2
9700 2
9800 2
9900 2
10000 2
10100 2
10200 2
10300 3
10400 3
10500 3
10600 3
10700 3
10800 3
10900 3
11000 3
11100 3
11200 3
11300 3
11400 3
11500 3
11600 3
11700 3
11800 3
11900 3
12000 3
12100 3
12200 3
12300 3
12400 3
12500 3
12600 3
12700 3
12800 3
12900 3
13000 3
13100 3
13200 3
13300 3
13400 3
13500 3
13600 3
13700 3
13800 3
13900 3
14000 3
14100 3
14200 3
14300 3
14400 3
14500 3
14600 3
14700 3
14800 3
14900 3
15000 3
15100 3
15200 3
15300 3
15400 3
15500 4
15600 4
15700 4
15800 4
15900 4
16000 4
16100 4
16200 5
16300 5
16400 5
16500 5
16600 5
16700 5
16800 5
16900 5
17000 5
17100 5
17200 5
17300 5
17400 5
17500 5
17600 5
17700 5
17800 5
17900 5
18000 5
18100 5
18200 5
18300 5
18400 5
18500 5
18600 5
18700 6
18800 6
18900 6
19000 6
19100 6
19200 6
19300 6
19400 6
19500 6
19600 6
19700 6
19800 6
19900 6
20000 6
20100 6
20200 6
20300 6
20400 6
20500 6
20600 6
20700 6
20800 6
20900 6
21000 6
21100 6
21200 6
21300 6
21400 6
21500 6
21600 6
21700 6
21800 6
21900 6
22000 6
22100 6
22200 6
22300 6
22400 6
22500 6
22600 6
22700 6
22800 6
22900 6
23000 6
23100 6
23200 6
23300 6
23400 6
23500 6
23600 6
23700 6
23800 7
23900 7
24000 7
24100 7
24200 7
24300 7
24400 7
24500 7
24600 7
24700 7
24800 7
24900 7
25000 7
25100 7
25200 7
25300 7
25400 7
25500 7
25600 7
25700 7
25800 7
25900 7
26000 7
26100 7
26200 7
26300 7
26400 7
26500 7
26600 7
26700 7
26800 7
26900 7
27000 7
27100 7
27200 7
27300 7
27400 7
27500 7
27600 7
27700 7
27800 7
27900 7
28000 7
28100 7
28200 7
28300 7
28400 7
28500 7
28600 7
28700 7
28800 7
28900 7
29000 7
29100 7
29200 7
29300 8
29400 8
29500 8
29600 8
29700 8
29800 8
29900 8
30000 8
30100 8
30200 8
30300 8
30400 8
30500 8
30600 8
30700 8
30800 8
30900 8
31000 8
31100 8
31200 8
31300 9
31400 9
31500 9
31600 9
31700 9
31800 9
31900 9
32000 10
32100 10
32200 10
32300 10
32400 10
32500 10
32600 10
32700 11
32800 11
32900 11
33000 11
33100 11
33200 11
33300 11
33400 11
33500 11
33600 11
33700 11
33800 11
33900 11
34000 11
34100 11
34200 11
34300 11
34400 11
34500 11
34600 11
34700 11
34800 11
34900 11
35000 11
35100 12
35200 12
35300 12
35400 12
35500 12
35600 12
35700 12
35800 12
35900 12
36000 12
36100 12
36200 12
36300 12
36400 12
36500 12
36600 12
36700 12
36800 12
36900 12
37000 12
37100 12
37200 12
37300 12
37400 12
37500 12
37600 12
37700 12
37800 12
37900 12
38000 12
38100 12
38200 12
38300 12
38400 12
38500 12
38600 12
38700 12
38800 12
38900 12
39000 12
39100 12
39200 12
39300 12
39400 13
39500 13
39600 13
39700 13
39800 13
39900 13
40000 13
40100 13
40200 13
40300 13
40400 13
40500 13
40600 13
40700 13
40800 13
40900 13
41000 13
41100 13
41200 13
41300 13
41400 13
41500 13
41600 13
41700 13
41800 13
41900 13
42000 13
42100 13
42200 13
42300 13
42400 13
42500 13
42600 13
42700 13
42800 13
42900 13
43000 13
43100 13
43200 13
43300 13
43400 13
43500 13
43600 13
43700 13
43800 13
43900 13
44000 13
44100 13
44200 13
44300 13
44400 14
44500 14
44600 14
44700 13
44800 13
44900 13
45000 13
45100 14
45200 14
45300 14
45400 14
45500 14
45600 14
45700 14
45800 14
45900 14
46000 14
46100 14
46200 14
46300 14
46400 14
46500 14
46600 14
46700 14
46800 14
46900 14
47000 14
47100 14
47200 14
47300 14
47400 14
47500 14
47600 14
47700 14
47800 14
47900 14
48000 14
48100 14
48200 14
48300 14
48400 14
48500 15
48600 15
48700 15
48800 15
48900 15
49000 15
49100 15
49200 15
49300 15
49400 15
49500 15
49600 15
49700 15
49800 15
49900 15
50000 15
50100 15
50200 15
50300 15
50400 15
50500 15
50600 15
50700 15
50800 15
50900 15
51000 15
51100 15
51200 15
51300 15
51400 15
51500 15
51600 15
51700 15
51800 15
51900 15
52000 15
52100 15
52200 15
52300 15
52400 15
52500 15
52600 15
52700 15
52800 15
52900 15
53000 15
53100 15
53200 15
53300 15
53400 15
53500 15
53600 15
53700 15
53800 15
53900 15
54000 16
54100 16
54200 16
54300 16
54400 16
54500 16
54600 16
54700 16
54800 16
54900 16
55000 16
55100 16
55200 16
55300 16
55400 16
55500 16
55600 16
55700 16
55800 16
55900 16
56000 16
56100 16
56200 16
56300 16
56400 16
56500 16
56600 16
56700 16
56800 16
56900 16
57000 16
57100 16
57200 16
57300 16
57400 16
57500 16
57600 16
57700 16
57800 16
57900 16
58000 16
58100 16
58200 16
58300 16
58400 16
58500 16
58600 16
58700 16
58800 16
58900 16
59000 17
59100 17
59200 17
59300 17
59400 17
59500 17
59600 17
59700 17
59800 17
59900 17
60000 17
60100 17
60200 17
60300 17
60400 17
60500 17
60600 17
60700 17
60800 17
60900 17
61000 17
61100 17
61200 17
61300 17
61400 17
61500 17
61600 17
61700 17
61800 18
61900 18
62000 18
62100 18
62200 18
62300 18
62400 18
62500 19
62600 19
62700 19
62800 19
62900 19
63000 19
63100 19
63200 20
63300 20
63400 20
63500 20
63600 20
63700 20
63800 20
63900 21
64000 21
64100 21
64200 21
64300 21
64400 21
64500 21
64600 22
64700 22
64800 22
64900 22
65000 22
65100 22
65200 22
65300 23
65400 23
65500 23
65600 23
65700 23
65800 23
65900 23
66000 23
66100 23
66200 23
66300 23
66400 23
66500 23
66600 24
66700 24
66800 24
66900 24
67000 24
67100 24
67200 24
67300 24
67400 24
67500 24
67600 24
67700 24
67800 24
67900 24
68000 24
68100 24
68200 24
68300 24
68400 25
68500 24
68600 24
68700 24
68800 24
68900 24
69000 24
69100 24
69200 24
69300 24
69400 24
69500 24
69600 24
69700 24
69800 24
69900 24
70000 25
70100 25
70200 25
70300 25
70400 25
70500 25
70600 25
70700 25
70800 25
70900 25
71000 25
71100 25
71200 25
71300 25
71400 25
71500 25
71600 25
71700 25
71800 25
71900 25
72000 25
72100 25
72200 25
72300 25
72400 25
72500 25
72600 25
72700 25
72800 25
72900 26
73000 25
73100 26
73200 26
73300 26
73400 25
73500 25
73600 25
73700 26
73800 25
73900 26
74000 25
74100 25
74200 25
74300 26
74400 26
74500 26
74600 26
74700 26
74800 26
74900 26
75000 26
75100 26
75200 26
75300 26
75400 26
75500 26
75600 26
75700 26
75800 26
75900 26
76000 26
76100 26
76200 26
76300 26
76400 26
76500 26
76600 26
76700 26
76800 26
76900 26
77000 27
77100 26
77200 27
77300 27
77400 26
77500 26
77600 26
77700 27
77800 26
77900 26
78000 27
78100 27
78200 26
78300 27
78400 27
78500 27
78600 27
78700 27
78800 27
78900 27
79000 27
79100 27
79200 27
79300 27
79400 27
79500 27
79600 27
79700 27
79800 27
79900 27
80000 27
80100 27
80200 27
80300 27
80400 27
80500 27
80600 27
80700 27
80800 27
80900 27
81000 27
81100 27
81200 27
81300 27
81400 27
81500 27
81600 27
81700 27
81800 27
81900 27
82000 27
82100 27
82200 27
82300 27
82400 27
82500 27
82600 27
82700 28
82800 28
82900 27
83000 27
83100 28
83200 28
83300 28
83400 28
83500 28
83600 28
83700 28
83800 28
83900 28
84000 28
84100 28
84200 28
84300 28
84400 28
84500 28
84600 28
84700 28
84800 28
84900 28
85000 28
85100 28
85200 28
85300 28
85400 28
85500 28
85600 28
85700 28
85800 28
85900 28
86000 28
86100 28
86200 28
86300 28
86400 28
86500 28
86600 28
86700 28
86800 28
86900 28
87000 28
87100 28
87200 29
87300 28
87400 28
87500 29
87600 29
87700 29
87800 29
87900 29
88000 29
88100 29
88200 29
88300 29
88400 29
88500 29
88600 29
88700 29
88800 29
88900 29
89000 29
89100 29
89200 29
89300 29
89400 29
89500 29
89600 29
89700 29
89800 29
89900 29
90000 29
90100 29
90200 29
90300 29
90400 29
90500 29
90600 29
90700 29
90800 29
90900 29
91000 29
91100 29
91200 29
91300 29
91400 29
91500 29
91600 30
91700 29
91800 29
91900 29
92000 30
92100 30
92200 30
92300 30
92400 30
92500 30
92600 30
92700 30
92800 30
92900 30
93000 30
93100 30
93200 30
93300 30
93400 30
93500 30
93600 30
93700 30
93800 30
93900 30
94000 30
94100 30
94200 30
94300 30
94400 30
94500 30
94600 30
94700 30
94800 30
94900 30
95000 30
95100 30
95200 30
95300 30
95400 30
95500 31
95600 30
95700 30
95800 31
95900 31
96000 31
96100 31
96200 31
96300 31
96400 31
96500 31
96600 31
96700 31
96800 31
96900 31
97000 31
97100 31
97200 31
97300 31
97400 31
97500 31
97600 31
97700 31
97800 31
97900 31
98000 31
98100 31
98200 31
98300 31
98400 31
98500 31
98600 31
98700 31
98800 31
98900 31
99000 31
99100 31
99200 31
99300 31
99400 31
99500 31
99600 31
99700 31
99800 31
99900 31
100000 31
