500 0
600 0
700 0
800 0
900 0
1000 0
1100 1
1200 1
1300 1
1400 1
1500 1
1600 1
1700 1
1800 1
1900 1
2000 1
2100 2
2200 2
2300 2
2400 2
2500 2
2600 2
2700 2
2800 2
2900 2
3000 3
3100 3
3200 3
3300 3
3400 3
3500 3
3600 3
3700 3
3800 3
3900 3
4000 3
4100 4
4200 4
4300 4
4400 4
4500 4
4600 4
4700 4
4800 4
4900 4
5000 5
5100 5
5200 5
5300 5
5400 5
5500 5
5600 5
5700 5
5800 5
5900 5
6000 6
6100 6
6200 6
6300 6
6400 6
6500 6
6600 6
6700 6
6800 6
6900 6
7000 6
7100 7
7200 7
7300 7
7400 7
7500 7
7600 7
7700 7
7800 7
7900 7
8000 7
8100 8
8200 8
8300 8
8400 8
8500 8
8600 8
8700 8
8800 8
8900 9
9000 9
9100 9
9200 9
9300 9
9400 9
9500 9
9600 9
9700 9
9800 10
9900 10
10000 10
10100 10
10200 10
10300 10
10400 10
10500 10
10600 10
10700 10
10800 11
10900 11
11000 11
11100 11
11200 11
11300 11
11400 11
11500 11
11600 11
11700 12
11800 12
11900 12
12000 12
12100 12
12200 12
12300 12
12400 12
12500 12
12600 12
12700 12
12800 13
12900 13
13000 13
13100 13
13200 13
13300 13
13400 13
13500 13
13600 13
13700 13
13800 14
13900 14
14000 14
14100 14
14200 14
14300 14
14400 14
14500 14
14600 14
14700 14
14800 14
14900 15
15000 15
15100 15
15200 15
15300 15
15400 15
15500 15
15600 15
15700 15
15800 15
15900 16
16000 16
16100 16
16200 16
16300 16
16400 16
16500 16
16600 16
16700 16
16800 17
16900 17
17000 17
17100 17
17200 17
17300 17
17400 17
17500 17
17600 18
17700 18
17800 18
17900 18
18000 18
18100 18
18200 18
18300 18
18400 19
18500 19
18600 19
18700 19
18800 19
18900 19
19000 19
19100 19
19200 19
19300 20
19400 20
19500 20
19600 20
19700 20
19800 20
19900 20
20000 20
20100 20
20200 21
20300 21
20400 21
20500 21
20600 21
20700 21
20800 21
20900 21
21000 21
21100 21
21200 22
21300 22
21400 22
21500 22
21600 22
21700 22
21800 22
21900 22
22000 22
22100 23
22200 23
22300 23
22400 23
22500 23
22600 23
22700 23
22800 23
22900 23
23000 23
23100 24
23200 24
23300 24
23400 24
23500 24
23600 24
23700 24
23800 24
23900 24
24000 24
24100 25
24200 25
24300 25
24400 25
24500 25
24600 25
24700 25
24800 25
24900 25
25000 25
25100 26
25200 26
25300 26
25400 26
25500 26
25600 26
25700 26
25800 26
25900 26
26000 26
26100 27
26200 27
26300 27
26400 27
26500 27
26600 27
26700 27
26800 27
26900 27
27000 28
27100 28
27200 28
27300 28
27400 28
27500 28
27600 28
27700 28
27800 28
27900 28
28000 28
28100 28
28200 29
28300 29
28400 29
28500 29
28600 29
28700 29
28800 29
28900 30
29000 30
29100 30
29200 30
29300 30
29400 30
29500 30
29600 30
29700 30
29800 30
29900 31
30000 31
30100 31
30200 31
30300 31
30400 31
30500 31
30600 31
30700 31
30800 31
30900 31
31000 32
31100 32
31200 32
31300 32
31400 32
31500 32
31600 32
31700 32
31800 32
31900 32
32000 33
32100 33
32200 33
32300 33
32400 33
32500 33
32600 33
32700 33
32800 33
32900 33
33000 34
33100 34
33200 34
33300 34
33400 34
33500 34
33600 34
33700 34
33800 34
33900 35
34000 35
34100 35
34200 35
34300 35
34400 35
34500 35
34600 36
34700 36
34800 36
34900 36
35000 36
35100 36
35200 36
35300 36
35400 37
35500 37
35600 37
35700 37
35800 37
35900 37
36000 37
36100 37
36200 38
36300 37
36400 38
36500 38
36600 38
36700 38
36800 38
36900 38
37000 38
37100 39
37200 39
37300 39
37400 39
37500 39
37600 39
37700 39
37800 39
37900 39
38000 40
38100 40
38200 40
38300 40
38400 40
38500 40
38600 40
38700 40
38800 41
38900 41
39000 41
39100 41
39200 41
39300 41
39400 41
39500 41
39600 41
39700 41
39800 42
39900 42
40000 42
40100 42
40200 42
40300 42
40400 42
40500 42
40600 43
40700 43
40800 43
40900 43
41000 43
41100 43
41200 43
41300 43
41400 43
41500 44
41600 44
41700 44
41800 44
41900 44
42000 44
42100 44
42200 44
42300 44
42400 44
42500 44
42600 45
42700 45
42800 45
42900 45
43000 45
43100 45
43200 45
43300 46
43400 45
43500 46
43600 46
43700 46
43800 46
43900 46
44000 46
44100 46
44200 46
44300 47
44400 47
44500 47
44600 47
44700 47
44800 47
44900 47
45000 47
45100 48
45200 47
45300 48
45400 48
45500 48
45600 48
45700 48
45800 48
45900 48
46000 48
46100 49
46200 48
46300 48
46400 49
46500 49
46600 49
46700 49
46800 49
46900 49
47000 49
47100 50
47200 50
47300 50
47400 50
47500 50
47600 50
47700 50
47800 50
47900 51
48000 50
48100 51
48200 51
48300 51
48400 51
48500 51
48600 51
48700 52
48800 51
48900 51
49000 52
49100 52
49200 52
49300 52
49400 52
49500 52
49600 52
49700 52
49800 52
49900 52
50000 53
50100 53
50200 53
50300 53
50400 53
50500 54
50600 53
50700 54
50800 53
50900 53
51000 54
51100 54
51200 54
51300 54
51400 54
51500 54
51600 54
51700 54
51800 54
51900 54
52000 54
52100 54
52200 55
52300 55
52400 55
52500 55
52600 55
52700 55
52800 55
52900 56
53000 56
53100 56
53200 56
53300 56
53400 56
53500 56
53600 56
53700 56
53800 56
53900 57
54000 57
54100 57
54200 57
54300 57
54400 57
54500 57
54600 57
54700 57
54800 58
54900 57
55000 58
55100 57
55200 58
55300 58
55400 58
55500 58
55600 58
55700 59
55800 59
55900 59
56000 59
56100 59
56200 59
56300 59
56400 59
56500 59
56600 60
56700 60
56800 60
56900 60
57000 60
57100 60
57200 60
57300 60
57400 60
57500 60
57600 60
57700 60
57800 61
57900 61
58000 61
58100 61
58200 61
58300 61
58400 61
58500 61
58600 61
58700 61
58800 62
58900 62
59000 62
59100 62
59200 62
59300 62
59400 62
59500 62
59600 62
59700 63
59800 63
59900 62
60000 63
60100 63
60200 63
60300 63
60400 63
60500 63
60600 63
60700 63
60800 63
60900 63
61000 64
61100 64
61200 64
61300 64
61400 64
61500 64
61600 64
61700 65
61800 64
61900 65
62000 65
62100 65
62200 65
62300 65
62400 65
62500 65
62600 65
62700 66
62800 65
62900 66
63000 66
63100 66
63200 66
63300 66
63400 66
63500 66
63600 66
63700 67
63800 67
63900 67
64000 67
64100 67
64200 67
64300 67
64400 67
64500 67
64600 67
64700 68
64800 67
64900 67
65000 68
65100 68
65200 67
65300 67
65400 67
65500 67
65600 67
65700 68
65800 68
65900 68
66000 68
66100 68
66200 69
66300 69
66400 69
66500 69
66600 69
66700 69
66800 70
66900 70
67000 70
67100 70
67200 70
67300 70
67400 71
67500 71
67600 71
67700 71
67800 71
67900 71
68000 71
68100 71
68200 71
68300 72
68400 72
68500 72
68600 72
68700 72
68800 72
68900 73
69000 73
69100 73
69200 73
69300 73
69400 73
69500 73
69600 73
69700 74
69800 73
69900 73
70000 74
70100 74
70200 74
70300 74
70400 74
70500 74
70600 75
70700 75
70800 75
70900 75
71000 75
71100 75
71200 76
71300 76
71400 75
71500 76
71600 76
71700 76
71800 76
71900 76
72000 76
72100 77
72200 77
72300 77
72400 77
72500 77
72600 77
72700 77
72800 77
72900 77
73000 78
73100 78
73200 77
73300 78
73400 78
73500 78
73600 78
73700 78
73800 78
73900 78
74000 78
74100 79
74200 79
74300 79
74400 79
74500 79
74600 80
74700 79
74800 80
74900 80
75000 80
75100 80
75200 80
75300 80
75400 81
75500 81
75600 81
75700 81
75800 81
75900 82
76000 82
76100 82
76200 82
76300 81
76400 81
76500 81
76600 82
76700 82
76800 82
76900 82
77000 82
77100 82
77200 83
77300 83
77400 83
77500 84
77600 84
77700 84
77800 84
77900 84
78000 84
78100 84
78200 84
78300 84
78400 85
78500 85
78600 84
78700 84
78800 84
78900 85
79000 85
79100 85
79200 85
79300 85
79400 85
79500 85
79600 85
79700 85
79800 86
79900 86
80000 86
80100 86
80200 86
80300 86
80400 86
80500 87
80600 88
80700 87
80800 88
80900 87
81000 87
81100 87
81200 87
81300 87
81400 87
81500 88
81600 88
81700 88
81800 88
81900 88
82000 88
82100 88
82200 89
82300 88
82400 89
82500 89
82600 89
82700 89
82800 89
82900 89
83000 89
83100 89
83200 90
83300 89
83400 90
83500 91
83600 90
83700 90
83800 90
83900 90
84000 91
84100 90
84200 90
84300 91
84400 90
84500 90
84600 91
84700 92
84800 92
84900 92
85000 92
85100 92
85200 92
85300 92
85400 92
85500 92
85600 93
85700 93
85800 93
85900 93
86000 94
86100 94
86200 93
86300 94
86400 94
86500 94
86600 94
86700 94
86800 94
86900 94
87000 94
87100 94
87200 95
87300 95
87400 94
87500 95
87600 95
87700 95
87800 95
87900 95
88000 95
88100 97
88200 98
88300 95
88400 96
88500 96
88600 96
88700 95
88800 95
88900 95
89000 95
89100 95
89200 96
89300 95
89400 95
89500 95
89600 95
89700 96
89800 97
89900 96
90000 97
90100 96
90200 98
90300 96
90400 97
90500 97
90600 98
90700 97
90800 97
90900 97
91000 97
91100 97
91200 98
91300 98
91400 98
91500 99
91600 99
91700 98
91800 98
91900 98
92000 98
92100 99
92200 99
92300 99
92400 99
92500 99
92600 99
92700 99
92800 99
92900 100
93000 100
93100 99
93200 99
93300 101
93400 101
93500 100
93600 101
93700 102
93800 101
93900 101
94000 102
94100 103
94200 101
94300 101
94400 101
94500 102
94600 102
94700 102
94800 102
94900 103
95000 102
95100 103
95200 102
95300 105
95400 102
95500 102
95600 102
95700 103
95800 103
95900 102
96000 102
96100 103
96200 103
96300 102
96400 103
96500 104
96600 103
96700 103
96800 103
96900 103
97000 103
97100 103
97200 103
97300 104
97400 104
97500 104
97600 104
97700 104
97800 104
97900 104
98000 104
98100 104
98200 105
98300 104
98400 105
98500 105
98600 105
98700 105
98800 106
98900 105
99000 105
99100 105
99200 106
99300 106
99400 106
99500 106
99600 106
99700 106
99800 106
99900 106
100000 107
