500 0
600 0
700 0
800 0
900 0
1000 0
1100 1
1200 1
1300 1
1400 1
1500 1
1600 1
1700 1
1800 1
1900 1
2000 1
2100 2
2200 2
2300 2
2400 2
2500 2
2600 2
2700 2
2800 2
2900 2
3000 2
3100 3
3200 3
3300 3
3400 3
3500 3
3600 3
3700 3
3800 3
3900 3
4000 3
4100 3
4200 4
4300 4
4400 4
4500 4
4600 4
4700 4
4800 4
4900 4
5000 5
5100 5
5200 5
5300 5
5400 5
5500 5
5600 6
5700 5
5800 6
5900 6
6000 6
6100 6
6200 6
6300 6
6400 6
6500 6
6600 7
6700 6
6800 7
6900 7
7000 7
7100 7
7200 7
7300 7
7400 7
7500 7
7600 7
7700 8
7800 8
7900 8
8000 8
8100 8
8200 8
8300 8
8400 8
8500 8
8600 9
8700 9
8800 9
8900 9
9000 9
9100 9
9200 9
9300 10
9400 10
9500 10
9600 10
9700 10
9800 10
9900 10
10000 10
10100 11
10200 11
10300 11
10400 10
10500 11
10600 11
10700 11
10800 11
10900 11
11000 12
11100 11
11200 11
11300 12
11400 12
11500 12
11600 12
11700 12
11800 13
11900 12
12000 13
12100 12
12200 13
12300 13
12400 13
12500 13
12600 13
12700 13
12800 13
12900 14
13000 13
13100 14
13200 14
13300 14
13400 14
13500 14
13600 14
13700 14
13800 14
13900 14
14000 14
14100 15
14200 14
14300 15
14400 15
14500 15
14600 15
14700 15
14800 15
14900 16
15000 15
15100 15
15200 16
15300 16
15400 16
15500 16
15600 16
15700 16
15800 17
15900 17
16000 16
16100 16
16200 17
16300 17
16400 17
16500 17
16600 17
16700 17
16800 18
16900 18
17000 18
17100 18
17200 18
17300 18
17400 19
17500 19
17600 18
17700 19
17800 19
17900 19
18000 19
18100 19
18200 19
18300 19
18400 20
18500 20
18600 20
18700 20
18800 20
18900 20
19000 20
19100 20
19200 20
19300 21
19400 21
19500 22
19600 21
19700 22
19800 21
19900 22
20000 22
20100 22
20200 22
20300 22
20400 22
20500 22
20600 22
20700 22
20800 23
20900 22
21000 23
21100 23
21200 23
21300 23
21400 23
21500 23
21600 24
21700 23
21800 24
21900 24
22000 24
22100 24
22200 24
22300 24
22400 25
22500 25
22600 25
22700 25
22800 25
22900 25
23000 25
23100 25
23200 25
23300 25
23400 26
23500 26
23600 26
23700 26
23800 26
23900 26
24000 26
24100 26
24200 27
24300 26
24400 27
24500 27
24600 27
24700 27
24800 27
24900 27
25000 27
25100 28
25200 27
25300 27
25400 28
25500 28
25600 28
25700 28
25800 28
25900 28
26000 28
26100 28
26200 29
26300 29
26400 29
26500 29
26600 29
26700 29
26800 29
26900 29
27000 29
27100 30
27200 30
27300 30
27400 30
27500 30
27600 30
27700 30
27800 30
27900 30
28000 30
28100 31
28200 30
28300 31
28400 31
28500 31
28600 31
28700 31
28800 32
28900 31
29000 32
29100 32
29200 31
29300 32
29400 32
29500 32
29600 32
29700 32
29800 32
29900 32
30000 32
30100 32
30200 33
30300 33
30400 33
30500 33
30600 33
30700 33
30800 34
30900 33
31000 33
31100 34
31200 34
31300 34
31400 34
31500 34
31600 34
31700 34
31800 34
31900 35
32000 34
32100 35
32200 35
32300 35
32400 35
32500 35
32600 35
32700 35
32800 35
32900 36
33000 36
33100 36
33200 36
33300 37
33400 36
33500 37
33600 37
33700 37
33800 37
33900 37
34000 38
34100 38
34200 38
34300 38
34400 38
34500 38
34600 38
34700 38
34800 38
34900 39
35000 39
35100 39
35200 39
35300 39
35400 39
35500 39
35600 39
35700 40
35800 40
35900 40
36000 40
36100 40
36200 40
36300 40
36400 40
36500 41
36600 41
36700 41
36800 41
36900 41
37000 41
37100 42
37200 42
37300 42
37400 42
37500 42
37600 42
37700 42
37800 43
37900 43
38000 43
38100 43
38200 43
38300 43
38400 43
38500 43
38600 43
38700 43
38800 44
38900 44
39000 44
39100 44
39200 44
39300 44
39400 44
39500 45
39600 45
39700 45
39800 45
39900 45
40000 45
40100 45
40200 46
40300 46
40400 46
40500 46
40600 46
40700 47
40800 46
40900 47
41000 47
41100 47
41200 47
41300 47
41400 47
41500 47
41600 47
41700 47
41800 47
41900 48
42000 49
42100 48
42200 48
42300 48
42400 48
42500 49
42600 49
42700 49
42800 49
42900 49
43000 49
43100 49
43200 49
43300 49
43400 49
43500 50
43600 50
43700 50
43800 50
43900 50
44000 50
44100 50
44200 50
44300 51
44400 51
44500 51
44600 51
44700 51
44800 51
44900 51
45000 51
45100 51
45200 52
45300 52
45400 52
45500 52
45600 52
45700 52
45800 53
45900 52
46000 52
46100 52
46200 53
46300 53
46400 53
46500 53
46600 53
46700 53
46800 53
46900 54
47000 54
47100 54
47200 54
47300 54
47400 54
47500 54
47600 54
47700 54
47800 54
47900 54
48000 55
48100 55
48200 55
48300 55
48400 55
48500 55
48600 56
48700 56
48800 55
48900 56
49000 56
49100 56
49200 56
49300 56
49400 56
49500 57
49600 57
49700 57
49800 57
49900 57
50000 57
50100 57
50200 57
50300 57
50400 57
50500 57
50600 58
50700 58
50800 58
50900 58
51000 58
51100 58
51200 58
51300 58
51400 58
51500 58
51600 59
51700 59
51800 59
51900 59
52000 59
52100 59
52200 59
52300 59
52400 59
52500 60
52600 60
52700 60
52800 60
52900 60
53000 60
53100 60
53200 60
53300 61
53400 61
53500 61
53600 61
53700 61
53800 61
53900 61
54000 61
54100 61
54200 62
54300 62
54400 62
54500 62
54600 62
54700 62
54800 62
54900 62
55000 62
55100 63
55200 63
55300 63
55400 63
55500 63
55600 63
55700 63
55800 63
55900 63
56000 63
56100 64
56200 63
56300 64
56400 64
56500 64
56600 64
56700 64
56800 64
56900 64
57000 64
57100 65
57200 65
57300 65
57400 65
57500 65
57600 65
57700 65
57800 66
57900 65
58000 66
58100 65
58200 65
58300 66
58400 66
58500 66
58600 66
58700 66
58800 66
58900 66
59000 67
59100 66
59200 66
59300 67
59400 67
59500 67
59600 67
59700 67
59800 67
59900 68
60000 67
60100 67
60200 68
60300 68
60400 68
60500 68
60600 68
60700 69
60800 68
60900 68
61000 68
61100 69
61200 69
61300 69
61400 69
61500 69
61600 69
61700 69
61800 70
61900 70
62000 70
62100 70
62200 70
62300 70
62400 70
62500 70
62600 70
62700 70
62800 70
62900 71
63000 71
63100 71
63200 71
63300 71
63400 71
63500 71
63600 71
63700 71
63800 71
63900 71
64000 72
64100 72
64200 72
64300 72
64400 72
64500 72
64600 72
64700 72
64800 72
64900 72
65000 73
65100 73
65200 73
65300 73
65400 73
65500 73
65600 73
65700 73
65800 73
65900 74
66000 74
66100 74
66200 74
66300 74
66400 74
66500 75
66600 75
66700 75
66800 75
66900 76
67000 76
67100 76
67200 76
67300 77
67400 76
67500 76
67600 77
67700 77
67800 77
67900 77
68000 77
68100 78
68200 77
68300 78
68400 78
68500 78
68600 78
68700 78
68800 78
68900 79
69000 79
69100 79
69200 79
69300 79
69400 79
69500 79
69600 79
69700 80
69800 80
69900 80
70000 80
70100 81
70200 80
70300 81
70400 81
70500 81
70600 81
70700 81
70800 81
70900 82
71000 81
71100 82
71200 82
71300 82
71400 82
71500 82
71600 82
71700 82
71800 83
71900 83
72000 83
72100 84
72200 84
72300 83
72400 84
72500 83
72600 83
72700 84
72800 84
72900 84
73000 84
73100 84
73200 85
73300 84
73400 85
73500 85
73600 85
73700 85
73800 85
73900 85
74000 85
74100 86
74200 86
74300 86
74400 86
74500 86
74600 87
74700 86
74800 87
74900 86
75000 87
75100 87
75200 87
75300 87
75400 87
75500 87
75600 88
75700 88
75800 88
75900 88
76000 88
76100 88
76200 89
76300 89
76400 89
76500 89
76600 89
76700 89
76800 89
76900 90
77000 90
77100 90
77200 90
77300 90
77400 90
77500 90
77600 90
77700 91
77800 90
77900 91
78000 91
78100 91
78200 91
78300 91
78400 91
78500 91
78600 91
78700 92
78800 92
78900 92
79000 92
79100 92
79200 93
79300 93
79400 93
79500 93
79600 93
79700 93
79800 93
79900 93
80000 94
80100 93
80200 94
80300 94
80400 94
80500 94
80600 94
80700 94
80800 95
80900 95
81000 95
81100 95
81200 95
81300 95
81400 95
81500 96
81600 96
81700 96
81800 96
81900 96
82000 96
82100 96
82200 96
82300 96
82400 97
82500 97
82600 97
82700 97
82800 97
82900 97
83000 97
83100 97
83200 98
83300 98
83400 98
83500 98
83600 98
83700 98
83800 98
83900 99
84000 99
84100 99
84200 99
84300 99
84400 99
84500 99
84600 99
84700 99
84800 100
84900 100
85000 100
85100 100
85200 100
85300 100
85400 100
85500 100
85600 100
85700 100
85800 101
85900 100
86000 101
86100 101
86200 101
86300 101
86400 101
86500 102
86600 101
86700 101
86800 102
86900 102
87000 102
87100 102
87200 102
87300 102
87400 102
87500 102
87600 103
87700 103
87800 103
87900 103
88000 103
88100 103
88200 103
88300 104
88400 104
88500 104
88600 104
88700 104
88800 104
88900 104
89000 104
89100 105
89200 105
89300 104
89400 105
89500 105
89600 105
89700 105
89800 105
89900 105
90000 106
90100 106
90200 105
90300 106
90400 106
90500 106
90600 106
90700 106
90800 106
90900 107
91000 107
91100 107
91200 107
91300 107
91400 107
91500 107
91600 107
91700 107
91800 107
91900 107
92000 108
92100 108
92200 108
92300 108
92400 108
92500 108
92600 109
92700 109
92800 109
92900 109
93000 109
93100 109
93200 109
93300 109
93400 109
93500 110
93600 110
93700 110
93800 110
93900 110
94000 110
94100 110
94200 110
94300 111
94400 111
94500 111
94600 111
94700 111
94800 111
94900 111
95000 111
95100 111
95200 111
95300 112
95400 112
95500 112
95600 112
95700 112
95800 112
95900 112
96000 113
96100 113
96200 112
96300 113
96400 113
96500 113
96600 113
96700 113
96800 113
96900 113
97000 113
97100 113
97200 114
97300 114
97400 114
97500 114
97600 114
97700 114
97800 114
97900 115
98000 115
98100 115
98200 115
98300 115
98400 115
98500 115
98600 116
98700 115
98800 116
98900 116
99000 116
99100 116
99200 116
99300 116
99400 116
99500 116
99600 117
99700 117
99800 117
99900 117
100000 118
