500 0
600 0
700 0
800 0
900 0
1000 0
1100 0
1200 0
1300 0
1400 0
1500 0
1600 0
1700 0
1800 0
1900 0
2000 0
2100 0
2200 0
2300 0
2400 0
2500 0
2600 0
2700 0
2800 0
2900 0
3000 0
3100 0
3200 0
3300 0
3400 0
3500 0
3600 0
3700 0
3800 1
3900 1
4000 1
4100 1
4200 1
4300 1
4400 1
4500 1
4600 1
4700 1
4800 1
4900 1
5000 1
5100 1
5200 1
5300 1
5400 1
5500 1
5600 1
5700 1
5800 1
5900 1
6000 1
6100 1
6200 1
6300 1
6400 1
6500 1
6600 1
6700 1
6800 2
6900 2
7000 2
7100 2
7200 2
7300 2
7400 2
7500 2
7600 2
7700 2
7800 2
7900 2
8000 2
8100 2
8200 2
8300 2
8400 3
8500 3
8600 3
8700 3
8800 3
8900 3
9000 3
9100 3
9200 3
9300 3
9400 3
9500 3
9600 3
9700 3
9800 3
9900 3
10000 3
10100 3
10200 3
10300 3
10400 3
10500 3
10600 3
10700 3
10800 3
10900 3
11000 3
11100 3
11200 3
11300 3
11400 3
11500 3
11600 3
11700 3
11800 3
11900 3
12000 3
12100 3
12200 3
12300 3
12400 4
12500 4
12600 4
12700 4
12800 4
12900 4
13000 4
13100 4
13200 4
13300 4
13400 4
13500 4
13600 4
13700 4
13800 4
13900 4
14000 4
14100 4
14200 4
14300 4
14400 4
14500 4
14600 4
14700 4
14800 4
14900 4
15000 4
15100 4
15200 4
15300 4
15400 4
15500 4
15600 5
15700 5
15800 5
15900 5
16000 5
16100 5
16200 5
16300 6
16400 6
16500 6
16600 6
16700 6
16800 6
16900 6
17000 6
17100 6
17200 6
17300 6
17400 6
17500 6
17600 6
17700 6
17800 6
17900 6
18000 6
18100 6
18200 6
18300 6
18400 6
18500 6
18600 6
18700 6
18800 6
18900 7
19000 7
19100 7
19200 7
19300 7
19400 7
19500 7
19600 7
19700 7
19800 7
19900 7
20000 7
20100 7
20200 7
20300 7
20400 7
20500 7
20600 7
20700 7
20800 7
20900 7
21000 7
21100 7
21200 7
21300 7
21400 7
21500 7
21600 7
21700 7
21800 7
21900 7
22000 7
22100 7
22200 7
22300 7
22400 7
22500 7
22600 7
22700 7
22800 7
22900 8
23000 8
23100 8
23200 8
23300 8
23400 8
23500 8
23600 8
23700 8
23800 8
23900 8
24000 8
24100 8
24200 8
24300 8
24400 8
24500 8
24600 8
24700 8
24800 8
24900 8
25000 8
25100 8
25200 8
25300 8
25400 8
25500 8
25600 8
25700 8
25800 8
25900 8
26000 8
26100 8
26200 8
26300 8
26400 8
26500 8
26600 8
26700 8
26800 8
26900 9
27000 9
27100 9
27200 9
27300 9
27400 9
27500 9
27600 9
27700 9
27800 9
27900 9
28000 9
28100 9
28200 9
28300 9
28400 9
28500 9
28600 9
28700 9
28800 9
28900 9
29000 9
29100 9
29200 9
29300 9
29400 9
29500 9
29600 9
29700 9
29800 9
29900 9
30000 9
30100 9
30200 9
30300 9
30400 9
30500 9
30600 9
30700 9
30800 10
30900 10
31000 10
31100 10
31200 10
31300 10
31400 10
31500 11
31600 11
31700 11
31800 11
31900 11
32000 11
32100 12
32200 12
32300 12
32400 12
32500 12
32600 12
32700 12
32800 13
32900 13
33000 13
33100 13
33200 13
33300 13
33400 13
33500 13
33600 13
33700 13
33800 13
33900 13
34000 13
34100 13
34200 13
34300 13
34400 13
34500 13
34600 13
34700 13
34800 13
34900 13
35000 13
35100 13
35200 13
35300 14
35400 14
35500 14
35600 14
35700 14
35800 14
35900 14
36000 14
36100 14
36200 14
36300 14
36400 14
36500 14
36600 14
36700 14
36800 14
36900 14
37000 14
37100 14
37200 14
37300 14
37400 14
37500 14
37600 14
37700 14
37800 14
37900 14
38000 14
38100 14
38200 14
38300 14
38400 14
38500 14
38600 14
38700 14
38800 15
38900 15
39000 15
39100 15
39200 15
39300 15
39400 15
39500 15
39600 15
39700 15
39800 15
39900 15
40000 15
40100 15
40200 15
40300 15
40400 15
40500 15
40600 15
40700 15
40800 15
40900 15
41000 15
41100 15
41200 15
41300 15
41400 15
41500 15
41600 15
41700 15
41800 15
41900 15
42000 16
42100 16
42200 16
42300 16
42400 16
42500 16
42600 16
42700 16
42800 16
42900 16
43000 16
43100 16
43200 16
43300 16
43400 16
43500 16
43600 16
43700 16
43800 16
43900 16
44000 16
44100 16
44200 16
44300 16
44400 16
44500 16
44600 16
44700 16
44800 16
44900 16
45000 16
45100 16
45200 16
45300 16
45400 16
45500 16
45600 16
45700 16
45800 16
45900 16
46000 16
46100 17
46200 17
46300 17
46400 17
46500 17
46600 17
46700 17
46800 17
46900 17
47000 17
47100 17
47200 17
47300 17
47400 17
47500 17
47600 17
47700 17
47800 17
47900 17
48000 17
48100 17
48200 17
48300 17
48400 17
48500 17
48600 17
48700 17
48800 17
48900 17
49000 17
49100 17
49200 17
49300 17
49400 17
49500 17
49600 18
49700 18
49800 18
49900 18
50000 18
50100 18
50200 18
50300 18
50400 18
50500 18
50600 18
50700 18
50800 18
50900 18
51000 18
51100 18
51200 18
51300 18
51400 18
51500 18
51600 18
51700 18
51800 18
51900 18
52000 18
52100 18
52200 18
52300 18
52400 18
52500 18
52600 18
52700 18
52800 18
52900 18
53000 18
53100 18
53200 18
53300 18
53400 18
53500 18
53600 18
53700 19
53800 19
53900 19
54000 19
54100 19
54200 19
54300 19
54400 19
54500 19
54600 19
54700 19
54800 19
54900 19
55000 19
55100 19
55200 19
55300 19
55400 19
55500 19
55600 19
55700 19
55800 19
55900 19
56000 19
56100 19
56200 19
56300 19
56400 19
56500 19
56600 19
56700 19
56800 19
56900 19
57000 19
57100 19
57200 19
57300 20
57400 20
57500 20
57600 20
57700 20
57800 20
57900 20
58000 20
58100 20
58200 20
58300 20
58400 20
58500 20
58600 20
58700 20
58800 20
58900 20
59000 20
59100 20
59200 20
59300 20
59400 20
59500 20
59600 20
59700 20
59800 20
59900 20
60000 20
60100 20
60200 20
60300 20
60400 20
60500 20
60600 20
60700 20
60800 20
60900 20
61000 20
61100 21
61200 21
61300 21
61400 21
61500 21
61600 21
61700 21
61800 21
61900 21
62000 21
62100 22
62200 22
62300 22
62400 22
62500 22
62600 22
62700 22
62800 23
62900 23
63000 23
63100 23
63200 23
63300 23
63400 24
63500 24
63600 24
63700 24
63800 24
63900 24
64000 24
64100 25
64200 25
64300 25
64400 25
64500 25
64600 25
64700 25
64800 26
64900 26
65000 26
65100 26
65200 26
65300 26
65400 26
65500 27
65600 27
65700 27
65800 27
65900 27
66000 27
66100 27
66200 27
66300 27
66400 27
66500 27
66600 27
66700 27
66800 27
66900 27
67000 28
67100 28
67200 28
67300 28
67400 28
67500 28
67600 28
67700 28
67800 28
67900 28
68000 28
68100 28
68200 28
68300 28
68400 28
68500 28
68600 28
68700 28
68800 28
68900 28
69000 28
69100 28
69200 28
69300 28
69400 28
69500 28
69600 28
69700 29
69800 29
69900 29
70000 29
70100 29
70200 29
70300 29
70400 29
70500 29
70600 29
70700 29
70800 29
70900 29
71000 29
71100 29
71200 29
71300 29
71400 29
71500 29
71600 29
71700 29
71800 29
71900 29
72000 29
72100 29
72200 29
72300 29
72400 29
72500 29
72600 29
72700 29
72800 29
72900 29
73000 29
73100 29
73200 29
73300 30
73400 30
73500 30
73600 30
73700 30
73800 30
73900 30
74000 30
74100 30
74200 30
74300 30
74400 30
74500 30
74600 30
74700 30
74800 30
74900 30
75000 30
75100 30
75200 30
75300 30
75400 30
75500 30
75600 30
75700 30
75800 30
75900 30
76000 30
76100 30
76200 30
76300 30
76400 30
76500 31
76600 31
76700 31
76800 31
76900 31
77000 31
77100 31
77200 31
77300 31
77400 31
77500 31
77600 31
77700 31
77800 31
77900 31
78000 31
78100 31
78200 31
78300 31
78400 31
78500 31
78600 31
78700 31
78800 31
78900 31
79000 31
79100 31
79200 31
79300 31
79400 31
79500 31
79600 31
79700 31
79800 31
79900 32
80000 32
80100 32
80200 32
80300 32
80400 32
80500 32
80600 32
80700 32
80800 32
80900 32
81000 32
81100 32
81200 32
81300 32
81400 32
81500 32
81600 32
81700 32
81800 32
81900 32
82000 32
82100 32
82200 32
82300 32
82400 32
82500 32
82600 32
82700 32
82800 32
82900 32
83000 32
83100 32
83200 32
83300 32
83400 33
83500 33
83600 33
83700 33
83800 33
83900 33
84000 33
84100 33
84200 33
84300 33
84400 33
84500 33
84600 33
84700 33
84800 33
84900 33
85000 33
85100 33
85200 33
85300 33
85400 33
85500 33
85600 33
85700 33
85800 33
85900 33
86000 33
86100 33
86200 33
86300 33
86400 33
86500 33
86600 33
86700 33
86800 33
86900 33
87000 34
87100 34
87200 34
87300 34
87400 34
87500 34
87600 34
87700 34
87800 34
87900 34
88000 34
88100 34
88200 34
88300 34
88400 34
88500 34
88600 34
88700 34
88800 34
88900 34
89000 34
89100 34
89200 34
89300 34
89400 34
89500 34
89600 34
89700 35
89800 34
89900 34
90000 34
90100 34
90200 35
90300 35
90400 35
90500 35
90600 35
90700 35
90800 35
90900 35
91000 35
91100 35
91200 35
91300 35
91400 35
91500 35
91600 35
91700 35
91800 35
91900 36
92000 35
92100 36
92200 36
92300 36
92400 36
92500 36
92600 36
92700 36
92800 36
92900 36
93000 36
93100 36
93200 36
93300 36
93400 36
93500 36
93600 36
93700 36
93800 36
93900 36
94000 36
94100 36
94200 36
94300 36
94400 36
94500 36
94600 36
94700 36
94800 36
94900 37
95000 37
95100 37
95200 37
95300 37
95400 37
95500 37
95600 37
95700 37
95800 37
95900 36
96000 37
96100 37
96200 37
96300 37
96400 37
96500 37
96600 37
96700 37
96800 37
96900 37
97000 37
97100 37
97200 37
97300 37
97400 37
97500 37
97600 37
97700 37
97800 37
97900 37
98000 37
98100 37
98200 37
98300 37
98400 37
98500 37
98600 37
98700 37
98800 37
98900 37
99000 37
99100 37
99200 37
99300 37
99400 37
99500 37
99600 37
99700 37
99800 38
99900 38
100000 38
