500 0
600 0
700 0
800 1
900 1
1000 1
1100 1
1200 1
1300 1
1400 1
1500 2
1600 2
1700 2
1800 2
1900 2
2000 2
2100 2
2200 3
2300 3
2400 3
2500 3
2600 3
2700 3
2800 3
2900 4
3000 4
3100 4
3200 4
3300 4
3400 4
3500 4
3600 5
3700 5
3800 5
3900 5
4000 5
4100 5
4200 5
4300 6
4400 6
4500 6
4600 6
4700 6
4800 6
4900 7
5000 7
5100 7
5200 7
5300 7
5400 7
5500 7
5600 8
5700 8
5800 8
5900 8
6000 8
6100 8
6200 8
6300 9
6400 9
6500 9
6600 9
6700 9
6800 9
6900 9
7000 10
7100 10
7200 10
7300 10
7400 10
7500 10
7600 11
7700 11
7800 11
7900 11
8000 11
8100 11
8200 11
8300 12
8400 12
8500 12
8600 12
8700 12
8800 12
8900 13
9000 13
9100 13
9200 13
9300 13
9400 13
9500 13
9600 14
9700 14
9800 14
9900 14
10000 14
10100 14
10200 14
10300 15
10400 15
10500 15
10600 15
10700 15
10800 15
10900 16
11000 16
11100 16
11200 16
11300 16
11400 16
11500 16
11600 16
11700 17
11800 17
11900 17
12000 17
12100 17
12200 18
12300 18
12400 18
12500 18
12600 18
12700 18
12800 18
12900 19
13000 19
13100 19
13200 19
13300 19
13400 19
13500 19
13600 20
13700 20
13800 20
13900 20
14000 20
14100 20
14200 20
14300 21
14400 21
14500 21
14600 21
14700 21
14800 21
14900 22
15000 22
15100 22
15200 22
15300 22
15400 22
15500 22
15600 23
15700 23
15800 23
15900 23
16000 23
16100 23
16200 24
16300 24
16400 24
16500 24
16600 24
16700 24
16800 24
16900 24
17000 25
17100 25
17200 25
17300 25
17400 25
17500 25
17600 26
17700 26
17800 26
17900 27
18000 26
18100 26
18200 27
18300 27
18400 27
18500 27
18600 27
18700 27
18800 28
18900 28
19000 28
19100 28
19200 28
19300 28
19400 28
19500 29
19600 29
19700 29
19800 29
19900 29
20000 30
20100 30
20200 30
20300 30
20400 30
20500 30
20600 30
20700 31
20800 31
20900 31
21000 31
21100 31
21200 31
21300 31
21400 32
21500 32
21600 32
21700 32
21800 32
21900 32
22000 33
22100 33
22200 33
22300 33
22400 33
22500 33
22600 34
22700 34
22800 34
22900 34
23000 34
23100 34
23200 35
23300 35
23400 35
23500 35
23600 35
23700 35
23800 35
23900 36
24000 36
24100 36
24200 36
24300 36
24400 36
24500 36
24600 37
24700 37
24800 37
24900 37
25000 37
25100 37
25200 38
25300 37
25400 38
25500 38
25600 38
25700 38
25800 39
25900 39
26000 39
26100 39
26200 39
26300 39
26400 39
26500 40
26600 40
26700 40
26800 40
26900 40
27000 40
27100 41
27200 41
27300 41
27400 41
27500 41
27600 41
27700 41
27800 41
27900 42
28000 42
28100 42
28200 42
28300 42
28400 43
28500 43
28600 43
28700 43
28800 43
28900 43
29000 43
29100 44
29200 44
29300 44
29400 44
29500 45
29600 44
29700 45
29800 45
29900 45
30000 45
30100 46
30200 45
30300 46
30400 46
30500 46
30600 46
30700 46
30800 47
30900 47
31000 46
31100 47
31200 47
31300 47
31400 47
31500 48
31600 48
31700 48
31800 48
31900 48
32000 48
32100 48
32200 49
32300 49
32400 49
32500 49
32600 49
32700 49
32800 49
32900 50
33000 50
33100 50
33200 50
33300 50
33400 50
33500 51
33600 51
33700 51
33800 51
33900 51
34000 51
34100 51
34200 52
34300 52
34400 52
34500 52
34600 52
34700 53
34800 53
34900 53
35000 53
35100 54
35200 53
35300 53
35400 54
35500 53
35600 54
35700 54
35800 54
35900 54
36000 55
36100 55
36200 55
36300 55
36400 55
36500 56
36600 55
36700 56
36800 56
36900 56
37000 56
37100 57
37200 57
37300 56
37400 57
37500 57
37600 57
37700 58
37800 57
37900 58
38000 58
38100 58
38200 58
38300 58
38400 59
38500 59
38600 58
38700 59
38800 59
38900 59
39000 59
39100 60
39200 59
39300 60
39400 60
39500 60
39600 60
39700 61
39800 60
39900 61
40000 60
40100 61
40200 61
40300 61
40400 62
40500 61
40600 62
40700 62
40800 62
40900 62
41000 63
41100 63
41200 63
41300 63
41400 63
41500 63
41600 63
41700 64
41800 63
41900 64
42000 64
42100 64
42200 64
42300 64
42400 64
42500 65
42600 65
42700 65
42800 65
42900 66
43000 65
43100 65
43200 66
43300 66
43400 66
43500 66
43600 67
43700 67
43800 67
43900 67
44000 67
44100 67
44200 67
44300 68
44400 68
44500 68
44600 68
44700 68
44800 69
44900 69
45000 69
45100 69
45200 69
45300 69
45400 69
45500 70
45600 70
45700 70
45800 70
45900 70
46000 70
46100 71
46200 71
46300 71
46400 71
46500 71
46600 71
46700 71
46800 72
46900 72
47000 72
47100 73
47200 73
47300 72
47400 73
47500 73
47600 73
47700 73
47800 73
47900 73
48000 74
48100 74
48200 74
48300 74
48400 74
48500 75
48600 75
48700 75
48800 75
48900 75
49000 76
49100 75
49200 75
49300 76
49400 76
49500 76
49600 76
49700 76
49800 77
49900 77
50000 77
50100 77
50200 77
50300 77
50400 78
50500 77
50600 77
50700 78
50800 78
50900 79
51000 78
51100 79
51200 79
51300 79
51400 79
51500 80
51600 80
51700 79
51800 80
51900 80
52000 81
52100 82
52200 81
52300 81
52400 81
52500 81
52600 82
52700 81
52800 81
52900 82
53000 81
53100 83
53200 82
53300 82
53400 82
53500 82
53600 83
53700 83
53800 83
53900 84
54000 84
54100 83
54200 83
54300 84
54400 84
54500 85
54600 84
54700 84
54800 85
54900 85
55000 85
55100 85
55200 85
55300 86
55400 85
55500 86
55600 86
55700 86
55800 86
55900 86
56000 86
56100 87
56200 87
56300 87
56400 87
56500 87
56600 88
56700 88
56800 88
56900 88
57000 88
57100 88
57200 88
57300 89
57400 89
57500 89
57600 89
57700 89
57800 89
57900 90
58000 90
58100 90
58200 90
58300 90
58400 90
58500 90
58600 91
58700 91
58800 91
58900 91
59000 92
59100 92
59200 92
59300 92
59400 92
59500 91
59600 92
59700 93
59800 93
59900 93
60000 94
60100 93
60200 93
60300 94
60400 94
60500 94
60600 93
60700 94
60800 94
60900 94
61000 94
61100 95
61200 95
61300 95
61400 95
61500 96
61600 96
61700 96
61800 96
61900 96
62000 97
62100 96
62200 97
62300 96
62400 97
62500 97
62600 97
62700 98
62800 98
62900 97
63000 98
63100 98
63200 97
63300 98
63400 99
63500 98
63600 99
63700 99
63800 99
63900 99
64000 99
64100 100
64200 99
64300 100
64400 102
64500 101
64600 100
64700 101
64800 101
64900 101
65000 101
65100 102
65200 101
65300 101
65400 101
65500 101
65600 102
65700 102
65800 102
65900 103
66000 102
66100 103
66200 103
66300 104
66400 104
66500 103
66600 103
66700 104
66800 104
66900 104
67000 104
67100 104
67200 105
67300 105
67400 105
67500 104
67600 106
67700 106
67800 105
67900 106
68000 106
68100 106
68200 106
68300 106
68400 107
68500 107
68600 107
68700 107
68800 108
68900 108
69000 107
69100 107
69200 108
69300 108
69400 109
69500 108
69600 109
69700 109
69800 109
69900 109
70000 110
70100 109
70200 110
70300 110
70400 110
70500 110
70600 110
70700 110
70800 111
70900 110
71000 112
71100 111
71200 112
71300 111
71400 112
71500 111
71600 112
71700 112
71800 113
71900 112
72000 112
72100 112
72200 113
72300 113
72400 113
72500 114
72600 114
72700 114
72800 114
72900 113
73000 115
73100 114
73200 114
73300 114
73400 115
73500 115
73600 115
73700 115
73800 116
73900 116
74000 115
74100 116
74200 117
74300 116
74400 116
74500 117
74600 116
74700 117
74800 117
74900 118
75000 118
75100 117
75200 118
75300 118
75400 118
75500 118
75600 118
75700 118
75800 119
75900 118
76000 119
76100 119
76200 119
76300 120
76400 119
76500 120
76600 119
76700 120
76800 120
76900 121
77000 120
77100 121
77200 121
77300 121
77400 122
77500 121
77600 121
77700 122
77800 122
77900 121
78000 122
78100 123
78200 122
78300 123
78400 123
78500 122
78600 123
78700 123
78800 123
78900 124
79000 123
79100 123
79200 123
79300 125
79400 125
79500 124
79600 124
79700 125
79800 125
79900 125
80000 126
80100 126
80200 126
80300 125
80400 125
80500 126
80600 126
80700 126
80800 127
80900 127
81000 127
81100 128
81200 127
81300 127
81400 127
81500 128
81600 128
81700 128
81800 129
81900 128
82000 129
82100 129
82200 129
82300 129
82400 129
82500 129
82600 130
82700 129
82800 130
82900 130
83000 130
83100 131
83200 131
83300 131
83400 131
83500 131
83600 131
83700 131
83800 131
83900 132
84000 134
84100 134
84200 131
84300 133
84400 132
84500 133
84600 133
84700 133
84800 133
84900 133
85000 133
85100 134
85200 134
85300 134
85400 134
85500 134
85600 134
85700 135
85800 135
85900 135
86000 135
86100 135
86200 135
86300 136
86400 136
86500 136
86600 136
86700 136
86800 136
86900 137
87000 137
87100 137
87200 138
87300 137
87400 138
87500 137
87600 138
87700 137
87800 138
87900 137
88000 139
88100 138
88200 138
88300 139
88400 139
88500 140
88600 139
88700 139
88800 139
88900 139
89000 140
89100 140
89200 140
89300 140
89400 140
89500 142
89600 141
89700 141
89800 141
89900 141
90000 141
90100 141
90200 142
90300 142
90400 142
90500 142
90600 142
90700 143
90800 143
90900 143
91000 144
91100 143
91200 143
91300 144
91400 145
91500 144
91600 144
91700 145
91800 145
91900 145
92000 145
92100 145
92200 145
92300 145
92400 145
92500 146
92600 146
92700 147
92800 147
92900 146
93000 147
93100 146
93200 146
93300 147
93400 147
93500 147
93600 147
93700 148
93800 148
93900 149
94000 148
94100 148
94200 150
94300 149
94400 149
94500 149
94600 149
94700 149
94800 149
94900 149
95000 150
95100 149
95200 149
95300 150
95400 151
95500 150
95600 151
95700 151
95800 151
95900 151
96000 150
96100 151
96200 152
96300 152
96400 152
96500 151
96600 152
96700 153
96800 152
96900 153
97000 153
97100 153
97200 152
97300 153
97400 153
97500 154
97600 154
97700 154
97800 154
97900 154
98000 155
98100 154
98200 155
98300 155
98400 156
98500 155
98600 156
98700 156
98800 158
98900 155
99000 157
99100 156
99200 156
99300 157
99400 157
99500 157
99600 158
99700 157
99800 158
99900 158
100000 158
