500 0
600 0
700 0
800 0
900 0
1000 0
1100 0
1200 0
1300 0
1400 0
1500 0
1600 0
1700 0
1800 0
1900 0
2000 0
2100 1
2200 1
2300 1
2400 1
2500 1
2600 1
2700 1
2800 1
2900 1
3000 1
3100 1
3200 1
3300 1
3400 1
3500 1
3600 1
3700 1
3800 1
3900 2
4000 2
4100 2
4200 2
4300 2
4400 2
4500 2
4600 2
4700 2
4800 2
4900 2
5000 2
5100 2
5200 2
5300 2
5400 2
5500 2
5600 3
5700 3
5800 3
5900 3
6000 3
6100 3
6200 3
6300 3
6400 3
6500 3
6600 3
6700 3
6800 3
6900 3
7000 3
7100 4
7200 3
7300 4
7400 4
7500 4
7600 4
7700 4
7800 4
7900 4
8000 4
8100 4
8200 4
8300 4
8400 4
8500 4
8600 4
8700 4
8800 4
8900 4
9000 5
9100 5
9200 5
9300 5
9400 5
9500 5
9600 5
9700 5
9800 5
9900 5
10000 5
10100 5
10200 5
10300 5
10400 6
10500 6
10600 6
10700 6
10800 6
10900 6
11000 6
11100 6
11200 6
11300 6
11400 6
11500 6
11600 6
11700 6
11800 6
11900 6
12000 6
12100 6
12200 7
12300 7
12400 7
12500 7
12600 7
12700 7
12800 7
12900 7
13000 7
13100 7
13200 7
13300 7
13400 7
13500 7
13600 7
13700 7
13800 8
13900 8
14000 8
14100 8
14200 8
14300 8
14400 8
14500 8
14600 8
14700 8
14800 8
14900 8
15000 8
15100 8
15200 8
15300 8
15400 9
15500 9
15600 9
15700 9
15800 9
15900 9
16000 9
16100 9
16200 9
16300 9
16400 9
16500 9
16600 9
16700 9
16800 10
16900 9
17000 10
17100 10
17200 10
17300 10
17400 10
17500 10
17600 10
17700 10
17800 10
17900 10
18000 10
18100 10
18200 10
18300 11
18400 10
18500 11
18600 11
18700 11
18800 11
18900 11
19000 11
19100 11
19200 11
19300 11
19400 11
19500 11
19600 12
19700 11
19800 11
19900 12
20000 11
20100 12
20200 12
20300 12
20400 12
20500 12
20600 12
20700 12
20800 12
20900 12
21000 12
21100 12
21200 12
21300 13
21400 12
21500 13
21600 13
21700 13
21800 13
21900 13
22000 13
22100 13
22200 13
22300 13
22400 13
22500 13
22600 13
22700 13
22800 14
22900 14
23000 14
23100 14
23200 14
23300 14
23400 14
23500 14
23600 14
23700 14
23800 14
23900 14
24000 14
24100 14
24200 14
24300 14
24400 14
24500 15
24600 15
24700 15
24800 15
24900 15
25000 15
25100 15
25200 15
25300 15
25400 15
25500 15
25600 15
25700 15
25800 15
25900 15
26000 16
26100 16
26200 16
26300 16
26400 16
26500 16
26600 16
26700 16
26800 16
26900 16
27000 16
27100 16
27200 16
27300 16
27400 16
27500 17
27600 17
27700 17
27800 17
27900 17
28000 17
28100 17
28200 17
28300 17
28400 17
28500 17
28600 17
28700 17
28800 18
28900 17
29000 18
29100 18
29200 18
29300 18
29400 18
29500 18
29600 18
29700 18
29800 18
29900 18
30000 18
30100 18
30200 18
30300 18
30400 19
30500 19
30600 19
30700 19
30800 19
30900 19
31000 19
31100 19
31200 19
31300 19
31400 19
31500 19
31600 19
31700 20
31800 20
31900 20
32000 20
32100 20
32200 20
32300 20
32400 20
32500 20
32600 20
32700 20
32800 20
32900 20
33000 21
33100 20
33200 20
33300 21
33400 20
33500 21
33600 21
33700 21
33800 21
33900 21
34000 21
34100 21
34200 21
34300 21
34400 21
34500 22
34600 22
34700 22
34800 22
34900 22
35000 22
35100 22
35200 22
35300 22
35400 22
35500 22
35600 23
35700 22
35800 22
35900 22
36000 23
36100 23
36200 22
36300 23
36400 23
36500 23
36600 23
36700 23
36800 23
36900 23
37000 23
37100 23
37200 23
37300 23
37400 23
37500 23
37600 23
37700 24
37800 24
37900 24
38000 24
38100 24
38200 24
38300 24
38400 24
38500 24
38600 24
38700 24
38800 24
38900 25
39000 25
39100 24
39200 25
39300 25
39400 24
39500 25
39600 25
39700 25
39800 25
39900 25
40000 26
40100 25
40200 26
40300 26
40400 26
40500 25
40600 26
40700 26
40800 26
40900 26
41000 26
41100 26
41200 26
41300 26
41400 26
41500 27
41600 26
41700 26
41800 27
41900 27
42000 27
42100 27
42200 27
42300 27
42400 27
42500 27
42600 27
42700 27
42800 27
42900 27
43000 28
43100 28
43200 27
43300 27
43400 27
43500 28
43600 28
43700 28
43800 28
43900 28
44000 28
44100 28
44200 28
44300 28
44400 29
44500 28
44600 28
44700 28
44800 29
44900 29
45000 29
45100 28
45200 29
45300 29
45400 29
45500 29
45600 29
45700 29
45800 29
45900 29
46000 29
46100 29
46200 30
46300 30
46400 30
46500 29
46600 30
46700 30
46800 30
46900 30
47000 30
47100 30
47200 30
47300 31
47400 31
47500 30
47600 31
47700 30
47800 31
47900 31
48000 31
48100 31
48200 31
48300 31
48400 31
48500 31
48600 31
48700 31
48800 32
48900 32
49000 32
49100 32
49200 32
49300 32
49400 32
49500 32
49600 32
49700 32
49800 32
49900 32
50000 32
50100 32
50200 33
50300 33
50400 33
50500 32
50600 33
50700 32
50800 33
50900 33
51000 33
51100 33
51200 33
51300 34
51400 34
51500 33
51600 33
51700 33
51800 34
51900 34
52000 34
52100 34
52200 34
52300 34
52400 34
52500 34
52600 34
52700 35
52800 34
52900 35
53000 35
53100 35
53200 34
53300 35
53400 35
53500 35
53600 35
53700 35
53800 35
53900 35
54000 35
54100 35
54200 35
54300 35
54400 35
54500 35
54600 36
54700 35
54800 35
54900 36
55000 36
55100 36
55200 36
55300 36
55400 36
55500 36
55600 36
55700 36
55800 36
55900 37
56000 36
56100 37
56200 36
56300 37
56400 37
56500 37
56600 37
56700 37
56800 37
56900 38
57000 38
57100 37
57200 38
57300 38
57400 38
57500 38
57600 38
57700 39
57800 38
57900 38
58000 38
58100 38
58200 38
58300 38
58400 38
58500 38
58600 38
58700 38
58800 40
58900 39
59000 39
59100 39
59200 39
59300 39
59400 39
59500 39
59600 39
59700 39
59800 39
59900 39
60000 40
60100 40
60200 39
60300 40
60400 40
60500 39
60600 40
60700 41
60800 40
60900 41
61000 40
61100 40
61200 40
61300 41
61400 40
61500 41
61600 41
61700 41
61800 41
61900 41
62000 41
62100 41
62200 41
62300 41
62400 41
62500 42
62600 41
62700 41
62800 42
62900 42
63000 42
63100 42
63200 41
63300 42
63400 42
63500 42
63600 42
63700 42
63800 42
63900 42
64000 42
64100 42
64200 42
64300 42
64400 43
64500 43
64600 43
64700 43
64800 43
64900 43
65000 43
65100 43
65200 44
65300 43
65400 44
65500 43
65600 44
65700 44
65800 44
65900 44
66000 44
66100 44
66200 44
66300 44
66400 44
66500 44
66600 44
66700 45
66800 45
66900 44
67000 45
67100 45
67200 45
67300 45
67400 45
67500 45
67600 46
67700 45
67800 45
67900 45
68000 45
68100 45
68200 45
68300 45
68400 45
68500 46
68600 45
68700 46
68800 46
68900 45
69000 46
69100 46
69200 47
69300 47
69400 47
69500 46
69600 46
69700 46
69800 47
69900 46
70000 47
70100 47
70200 47
70300 47
70400 47
70500 47
70600 47
70700 47
70800 48
70900 47
71000 47
71100 47
71200 48
71300 47
71400 47
71500 48
71600 48
71700 48
71800 48
71900 48
72000 48
72100 48
72200 48
72300 49
72400 48
72500 49
72600 48
72700 48
72800 49
72900 49
73000 49
73100 49
73200 49
73300 49
73400 49
73500 49
73600 49
73700 50
73800 50
73900 50
74000 49
74100 49
74200 50
74300 50
74400 50
74500 50
74600 50
74700 50
74800 50
74900 51
75000 51
75100 51
75200 50
75300 50
75400 51
75500 51
75600 51
75700 52
75800 51
75900 51
76000 51
76100 53
76200 51
76300 51
76400 52
76500 51
76600 51
76700 52
76800 52
76900 52
77000 52
77100 52
77200 52
77300 52
77400 53
77500 53
77600 52
77700 52
77800 54
77900 52
78000 52
78100 54
78200 52
78300 53
78400 54
78500 53
78600 53
78700 53
78800 53
78900 53
79000 53
79100 53
79200 53
79300 54
79400 53
79500 54
79600 54
79700 54
79800 53
79900 55
80000 54
80100 54
80200 54
80300 55
80400 55
80500 55
80600 55
80700 55
80800 54
80900 54
81000 55
81100 56
81200 55
81300 55
81400 55
81500 55
81600 55
81700 55
81800 55
81900 56
82000 55
82100 56
82200 55
82300 56
82400 56
82500 55
82600 56
82700 56
82800 56
82900 56
83000 56
83100 56
83200 56
83300 56
83400 57
83500 57
83600 57
83700 56
83800 57
83900 58
84000 56
84100 57
84200 58
84300 58
84400 57
84500 58
84600 58
84700 58
84800 57
84900 58
85000 58
85100 58
85200 58
85300 58
85400 58
85500 59
85600 59
85700 58
85800 58
85900 58
86000 58
86100 59
86200 59
86300 58
86400 59
86500 59
86600 59
86700 60
86800 59
86900 60
87000 60
87100 59
87200 59
87300 59
87400 59
87500 60
87600 59
87700 59
87800 59
87900 61
88000 60
88100 60
88200 60
88300 60
88400 60
88500 60
88600 60
88700 60
88800 61
88900 60
89000 61
89100 60
89200 61
89300 62
89400 61
89500 62
89600 61
89700 62
89800 62
89900 61
90000 62
90100 62
90200 62
90300 62
90400 61
90500 62
90600 62
90700 62
90800 62
90900 62
91000 62
91100 63
91200 63
91300 63
91400 64
91500 63
91600 63
91700 62
91800 62
91900 63
92000 63
92100 64
92200 63
92300 63
92400 63
92500 63
92600 64
92700 64
92800 64
92900 63
93000 63
93100 64
93200 63
93300 64
93400 64
93500 64
93600 64
93700 64
93800 64
93900 65
94000 64
94100 64
94200 64
94300 64
94400 64
94500 65
94600 66
94700 65
94800 65
94900 65
95000 65
95100 67
95200 65
95300 65
95400 66
95500 65
95600 66
95700 66
95800 66
95900 66
96000 66
96100 66
96200 67
96300 66
96400 67
96500 66
96600 67
96700 66
96800 67
96900 66
97000 67
97100 67
97200 67
97300 67
97400 67
97500 67
97600 67
97700 67
97800 68
97900 68
98000 67
98100 67
98200 67
98300 67
98400 68
98500 68
98600 67
98700 68
98800 69
98900 69
99000 68
99100 68
99200 69
99300 69
99400 69
99500 68
99600 68
99700 69
99800 69
99900 69
100000 68
