500 0
600 0
700 0
800 1
900 1
1000 1
1100 1
1200 1
1300 1
1400 1
1500 2
1600 2
1700 2
1800 2
1900 2
2000 2
2100 2
2200 3
2300 3
2400 3
2500 3
2600 3
2700 3
2800 3
2900 4
3000 4
3100 4
3200 4
3300 4
3400 4
3500 4
3600 5
3700 5
3800 5
3900 5
4000 5
4100 5
4200 6
4300 6
4400 6
4500 6
4600 6
4700 6
4800 6
4900 6
5000 7
5100 7
5200 7
5300 7
5400 7
5500 7
5600 7
5700 8
5800 8
5900 8
6000 8
6100 8
6200 8
6300 9
6400 9
6500 9
6600 9
6700 9
6800 9
6900 9
7000 10
7100 10
7200 10
7300 10
7400 10
7500 10
7600 10
7700 11
7800 11
7900 11
8000 11
8100 11
8200 11
8300 12
8400 12
8500 12
8600 12
8700 12
8800 12
8900 12
9000 13
9100 13
9200 13
9300 13
9400 13
9500 13
9600 13
9700 13
9800 14
9900 14
10000 14
10100 14
10200 14
10300 15
10400 15
10500 15
10600 15
10700 15
10800 15
10900 16
11000 15
11100 16
11200 16
11300 16
11400 16
11500 16
11600 16
11700 17
11800 17
11900 17
12000 17
12100 17
12200 17
12300 18
12400 18
12500 18
12600 18
12700 18
12800 18
12900 19
13000 19
13100 19
13200 19
13300 19
13400 19
13500 19
13600 19
13700 20
13800 20
13900 20
14000 20
14100 20
14200 20
14300 21
14400 21
14500 21
14600 21
14700 21
14800 21
14900 22
15000 22
15100 22
15200 22
15300 22
15400 22
15500 22
15600 22
15700 23
15800 23
15900 23
16000 23
16100 23
16200 23
16300 24
16400 24
16500 24
16600 24
16700 24
16800 24
16900 24
17000 25
17100 25
17200 25
17300 25
17400 26
17500 25
17600 26
17700 26
17800 26
17900 26
18000 26
18100 27
18200 27
18300 27
18400 27
18500 27
18600 27
18700 27
18800 27
18900 28
19000 28
19100 28
19200 28
19300 28
19400 28
19500 29
19600 29
19700 29
19800 29
19900 29
20000 29
20100 29
20200 30
20300 30
20400 30
20500 30
20600 30
20700 30
20800 31
20900 31
21000 31
21100 31
21200 31
21300 31
21400 31
21500 32
21600 32
21700 32
21800 32
21900 32
22000 32
22100 32
22200 33
22300 33
22400 33
22500 33
22600 33
22700 34
22800 33
22900 34
23000 34
23100 34
23200 34
23300 34
23400 35
23500 35
23600 35
23700 35
23800 35
23900 35
24000 35
24100 36
24200 36
24300 36
24400 36
24500 36
24600 36
24700 37
24800 36
24900 37
25000 37
25100 37
25200 37
25300 38
25400 37
25500 38
25600 38
25700 38
25800 38
25900 38
26000 38
26100 39
26200 39
26300 39
26400 40
26500 39
26600 44
26700 40
26800 40
26900 40
27000 40
27100 40
27200 40
27300 41
27400 41
27500 41
27600 41
27700 41
27800 41
27900 42
28000 42
28100 42
28200 42
28300 42
28400 43
28500 43
28600 43
28700 43
28800 43
28900 44
29000 43
29100 43
29200 44
29300 44
29400 45
29500 44
29600 44
29700 44
29800 44
29900 45
30000 45
30100 45
30200 45
30300 45
30400 46
30500 46
30600 46
30700 46
30800 46
30900 46
31000 47
31100 47
31200 47
31300 47
31400 47
31500 47
31600 47
31700 48
31800 48
31900 50
32000 49
32100 49
32200 49
32300 49
32400 49
32500 49
32600 50
32700 50
32800 50
32900 51
33000 50
33100 50
33200 50
33300 51
33400 50
33500 50
33600 51
33700 51
33800 51
33900 51
34000 51
34100 51
34200 52
34300 52
34400 52
34500 53
34600 53
34700 53
34800 52
34900 53
35000 53
35100 53
35200 54
35300 54
35400 53
35500 54
35600 54
35700 54
35800 54
35900 54
36000 55
36100 55
36200 55
36300 55
36400 55
36500 56
36600 56
36700 56
36800 56
36900 56
37000 56
37100 57
37200 56
37300 57
37400 57
37500 57
37600 57
37700 57
37800 58
37900 58
38000 57
38100 58
38200 58
38300 58
38400 58
38500 58
38600 59
38700 59
38800 59
38900 59
39000 59
39100 60
39200 60
39300 60
39400 60
39500 60
39600 60
39700 60
39800 61
39900 61
40000 61
40100 61
40200 61
40300 62
40400 62
40500 61
40600 62
40700 62
40800 62
40900 62
41000 62
41100 63
41200 63
41300 63
41400 63
41500 63
41600 63
41700 64
41800 64
41900 64
42000 64
42100 65
42200 64
42300 64
42400 65
42500 65
42600 65
42700 65
42800 65
42900 65
43000 65
43100 67
43200 66
43300 66
43400 66
43500 66
43600 67
43700 67
43800 67
43900 67
44000 67
44100 67
44200 68
44300 68
44400 68
44500 68
44600 69
44700 68
44800 69
44900 68
45000 69
45100 69
45200 69
45300 69
45400 69
45500 70
45600 69
45700 70
45800 70
45900 71
46000 71
46100 71
46200 71
46300 71
46400 71
46500 71
46600 71
46700 72
46800 72
46900 72
47000 72
47100 72
47200 72
47300 73
47400 73
47500 73
47600 74
47700 73
47800 73
47900 73
48000 74
48100 74
48200 74
48300 74
48400 74
48500 74
48600 74
48700 75
48800 75
48900 75
49000 75
49100 75
49200 76
49300 75
49400 76
49500 76
49600 76
49700 76
49800 76
49900 77
50000 78
50100 77
50200 78
50300 77
50400 78
50500 78
50600 78
50700 77
50800 78
50900 78
51000 78
51100 78
51200 79
51300 80
51400 79
51500 79
51600 80
51700 80
51800 80
51900 80
52000 80
52100 80
52200 80
52300 81
52400 80
52500 81
52600 81
52700 81
52800 81
52900 82
53000 82
53100 82
53200 82
53300 82
53400 82
53500 83
53600 82
53700 83
53800 83
53900 83
54000 83
54100 83
54200 83
54300 84
54400 84
54500 84
54600 84
54700 84
54800 84
54900 84
55000 85
55100 85
55200 85
55300 85
55400 85
55500 85
55600 86
55700 86
55800 86
55900 86
56000 86
56100 87
56200 86
56300 87
56400 88
56500 88
56600 88
56700 88
56800 88
56900 88
57000 89
57100 88
57200 88
57300 89
57400 89
57500 89
57600 89
57700 89
57800 89
57900 90
58000 90
58100 90
58200 90
58300 91
58400 90
58500 90
58600 91
58700 91
58800 92
58900 91
59000 91
59100 92
59200 91
59300 92
59400 92
59500 92
59600 92
59700 92
59800 93
59900 93
60000 93
60100 93
60200 93
60300 93
60400 94
60500 94
60600 93
60700 94
60800 94
60900 95
61000 94
61100 95
61200 95
61300 95
61400 95
61500 96
61600 96
61700 95
61800 96
61900 96
62000 96
62100 96
62200 96
62300 97
62400 97
62500 97
62600 97
62700 97
62800 98
62900 97
63000 98
63100 99
63200 98
63300 98
63400 99
63500 99
63600 98
63700 99
63800 99
63900 99
64000 100
64100 100
64200 100
64300 99
64400 100
64500 100
64600 101
64700 100
64800 101
64900 101
65000 101
65100 102
65200 101
65300 101
65400 102
65500 102
65600 102
65700 103
65800 102
65900 102
66000 103
66100 103
66200 103
66300 104
66400 103
66500 103
66600 104
66700 104
66800 104
66900 104
67000 104
67100 104
67200 105
67300 105
67400 105
67500 105
67600 106
67700 106
67800 105
67900 106
68000 105
68100 106
68200 106
68300 106
68400 106
68500 106
68600 106
68700 107
68800 107
68900 107
69000 108
69100 108
69200 108
69300 108
69400 110
69500 108
69600 108
69700 109
69800 109
69900 109
70000 109
70100 109
70200 109
70300 110
70400 110
70500 110
70600 110
70700 110
70800 110
70900 111
71000 110
71100 111
71200 111
71300 111
71400 111
71500 112
71600 111
71700 112
71800 112
71900 113
72000 113
72100 112
72200 112
72300 113
72400 114
72500 113
72600 113
72700 113
72800 114
72900 114
73000 114
73100 114
73200 114
73300 115
73400 114
73500 115
73600 115
73700 115
73800 115
73900 115
74000 115
74100 116
74200 116
74300 116
74400 116
74500 117
74600 116
74700 117
74800 117
74900 118
75000 118
75100 118
75200 118
75300 118
75400 118
75500 118
75600 118
75700 120
75800 118
75900 119
76000 119
76100 120
76200 119
76300 120
76400 120
76500 120
76600 120
76700 120
76800 121
76900 120
77000 121
77100 121
77200 121
77300 121
77400 121
77500 122
77600 121
77700 121
77800 123
77900 122
78000 123
78100 123
78200 122
78300 123
78400 124
78500 123
78600 123
78700 123
78800 123
78900 123
79000 124
79100 123
79200 124
79300 124
79400 125
79500 125
79600 125
79700 125
79800 125
79900 125
80000 126
80100 126
80200 125
80300 126
80400 126
80500 127
80600 126
80700 126
80800 126
80900 126
81000 127
81100 128
81200 127
81300 127
81400 127
81500 128
81600 128
81700 128
81800 128
81900 130
82000 129
82100 129
82200 129
82300 129
82400 130
82500 129
82600 130
82700 130
82800 130
82900 130
83000 130
83100 130
83200 130
83300 130
83400 131
83500 131
83600 132
83700 131
83800 132
83900 132
84000 132
84100 132
84200 133
84300 132
84400 132
84500 133
84600 133
84700 133
84800 133
84900 133
85000 133
85100 133
85200 133
85300 134
85400 134
85500 135
85600 135
85700 135
85800 135
85900 135
86000 135
86100 135
86200 136
86300 135
86400 135
86500 135
86600 136
86700 137
86800 137
86900 137
87000 137
87100 136
87200 137
87300 137
87400 137
87500 138
87600 138
87700 138
87800 137
87900 139
88000 138
88100 138
88200 138
88300 139
88400 139
88500 139
88600 139
88700 140
88800 140
88900 140
89000 140
89100 140
89200 140
89300 142
89400 141
89500 142
89600 141
89700 141
89800 142
89900 141
90000 142
90100 142
90200 142
90300 142
90400 142
90500 143
90600 143
90700 143
90800 143
90900 143
91000 144
91100 143
91200 143
91300 144
91400 144
91500 145
91600 144
91700 144
91800 144
91900 145
92000 144
92100 146
92200 146
92300 145
92400 146
92500 145
92600 146
92700 146
92800 146
92900 146
93000 147
93100 147
93200 147
93300 146
93400 148
93500 147
93600 147
93700 147
93800 147
93900 148
94000 148
94100 148
94200 148
94300 148
94400 148
94500 150
94600 150
94700 149
94800 149
94900 150
95000 150
95100 151
95200 150
95300 151
95400 150
95500 151
95600 151
95700 151
95800 151
95900 151
96000 151
96100 151
96200 153
96300 152
96400 152
96500 153
96600 152
96700 153
96800 154
96900 153
97000 153
97100 153
97200 154
97300 154
97400 154
97500 154
97600 154
97700 154
97800 154
97900 155
98000 155
98100 155
98200 155
98300 155
98400 155
98500 156
98600 155
98700 156
98800 157
98900 156
99000 156
99100 156
99200 157
99300 157
99400 157
99500 158
99600 157
99700 157
99800 157
99900 158
100000 158
