500 0
600 0
700 0
800 0
900 0
1000 1
1100 1
1200 1
1300 1
1400 1
1500 1
1600 1
1700 1
1800 2
1900 2
2000 2
2100 2
2200 2
2300 2
2400 2
2500 2
2600 3
2700 3
2800 3
2900 3
3000 3
3100 3
3200 3
3300 3
3400 4
3500 4
3600 4
3700 4
3800 4
3900 4
4000 4
4100 4
4200 5
4300 5
4400 5
4500 5
4600 5
4700 5
4800 5
4900 6
5000 6
5100 6
5200 6
5300 6
5400 6
5500 6
5600 6
5700 6
5800 6
5900 7
6000 7
6100 7
6200 7
6300 7
6400 8
6500 8
6600 8
6700 8
6800 8
6900 8
7000 8
7100 8
7200 9
7300 8
7400 9
7500 9
7600 9
7700 9
7800 9
7900 9
8000 9
8100 10
8200 10
8300 10
8400 10
8500 10
8600 10
8700 10
8800 10
8900 11
9000 11
9100 11
9200 11
9300 11
9400 11
9500 11
9600 12
9700 12
9800 12
9900 12
10000 12
10100 12
10200 12
10300 13
10400 13
10500 13
10600 13
10700 13
10800 13
10900 13
11000 14
11100 14
11200 14
11300 14
11400 14
11500 14
11600 14
11700 14
11800 15
11900 15
12000 15
12100 15
12200 15
12300 15
12400 16
12500 16
12600 16
12700 16
12800 16
12900 16
13000 16
13100 16
13200 17
13300 17
13400 16
13500 17
13600 17
13700 17
13800 17
13900 18
14000 18
14100 18
14200 18
14300 18
14400 18
14500 18
14600 19
14700 18
14800 19
14900 19
15000 19
15100 19
15200 19
15300 20
15400 20
15500 20
15600 20
15700 21
15800 20
15900 20
16000 20
16100 21
16200 21
16300 21
16400 21
16500 21
16600 22
16700 21
16800 22
16900 22
17000 22
17100 22
17200 23
17300 23
17400 22
17500 22
17600 23
17700 23
17800 23
17900 23
18000 24
18100 24
18200 23
18300 24
18400 24
18500 24
18600 24
18700 25
18800 25
18900 25
19000 25
19100 25
19200 25
19300 25
19400 26
19500 25
19600 26
19700 26
19800 26
19900 26
20000 26
20100 27
20200 27
20300 27
20400 27
20500 27
20600 27
20700 27
20800 28
20900 28
21000 28
21100 28
21200 28
21300 28
21400 28
21500 29
21600 29
21700 29
21800 29
21900 29
22000 29
22100 29
22200 29
22300 30
22400 30
22500 31
22600 30
22700 30
22800 31
22900 31
23000 31
23100 31
23200 31
23300 31
23400 31
23500 31
23600 32
23700 32
23800 32
23900 32
24000 33
24100 33
24200 32
24300 32
24400 33
24500 33
24600 33
24700 33
24800 33
24900 34
25000 34
25100 34
25200 34
25300 35
25400 35
25500 35
25600 35
25700 35
25800 35
25900 35
26000 36
26100 36
26200 36
26300 36
26400 36
26500 36
26600 36
26700 37
26800 37
26900 37
27000 37
27100 37
27200 37
27300 37
27400 38
27500 38
27600 38
27700 38
27800 38
27900 38
28000 39
28100 39
28200 39
28300 39
28400 39
28500 39
28600 39
28700 40
28800 40
28900 40
29000 40
29100 40
29200 40
29300 41
29400 41
29500 40
29600 41
29700 41
29800 41
29900 41
30000 41
30100 42
30200 42
30300 42
30400 42
30500 42
30600 42
30700 43
30800 43
30900 43
31000 43
31100 44
31200 44
31300 43
31400 44
31500 44
31600 44
31700 44
31800 45
31900 45
32000 45
32100 45
32200 46
32300 45
32400 45
32500 46
32600 46
32700 46
32800 46
32900 47
33000 46
33100 46
33200 47
33300 47
33400 47
33500 47
33600 47
33700 48
33800 48
33900 48
34000 48
34100 48
34200 48
34300 49
34400 48
34500 49
34600 49
34700 49
34800 50
34900 50
35000 49
35100 50
35200 50
35300 50
35400 50
35500 50
35600 51
35700 51
35800 51
35900 51
36000 51
36100 51
36200 51
36300 51
36400 52
36500 52
36600 52
36700 53
36800 52
36900 52
37000 53
37100 53
37200 53
37300 53
37400 53
37500 53
37600 53
37700 54
37800 54
37900 54
38000 54
38100 54
38200 54
38300 55
38400 55
38500 55
38600 55
38700 55
38800 55
38900 56
39000 56
39100 56
39200 56
39300 56
39400 56
39500 57
39600 57
39700 57
39800 57
39900 57
40000 58
40100 58
40200 58
40300 58
40400 58
40500 58
40600 59
40700 59
40800 59
40900 59
41000 59
41100 59
41200 59
41300 60
41400 60
41500 60
41600 60
41700 61
41800 60
41900 61
42000 61
42100 61
42200 61
42300 61
42400 61
42500 62
42600 62
42700 62
42800 62
42900 62
43000 63
43100 62
43200 63
43300 63
43400 63
43500 63
43600 63
43700 64
43800 64
43900 64
44000 64
44100 64
44200 65
44300 65
44400 65
44500 65
44600 65
44700 65
44800 66
44900 66
45000 66
45100 66
45200 66
45300 66
45400 66
45500 66
45600 66
45700 67
45800 67
45900 67
46000 67
46100 67
46200 68
46300 68
46400 68
46500 68
46600 68
46700 69
46800 68
46900 69
47000 69
47100 69
47200 70
47300 69
47400 69
47500 70
47600 70
47700 70
47800 70
47900 71
48000 70
48100 71
48200 71
48300 71
48400 71
48500 72
48600 72
48700 72
48800 72
48900 72
49000 73
49100 73
49200 73
49300 72
49400 73
49500 73
49600 73
49700 73
49800 74
49900 74
50000 74
50100 74
50200 74
50300 74
50400 75
50500 75
50600 75
50700 75
50800 75
50900 76
51000 75
51100 75
51200 76
51300 76
51400 77
51500 76
51600 77
51700 77
51800 77
51900 77
52000 77
52100 77
52200 77
52300 77
52400 78
52500 79
52600 78
52700 78
52800 78
52900 79
53000 79
53100 79
53200 79
53300 79
53400 79
53500 80
53600 80
53700 80
53800 80
53900 81
54000 81
54100 81
54200 81
54300 82
54400 81
54500 81
54600 82
54700 81
54800 82
54900 82
55000 82
55100 82
55200 82
55300 82
55400 83
55500 84
55600 83
55700 83
55800 83
55900 84
56000 84
56100 84
56200 84
56300 85
56400 85
56500 85
56600 84
56700 85
56800 85
56900 86
57000 86
57100 86
57200 86
57300 86
57400 86
57500 86
57600 87
57700 86
57800 87
57900 87
58000 88
58100 88
58200 87
58300 87
58400 88
58500 88
58600 88
58700 88
58800 89
58900 89
59000 89
59100 89
59200 89
59300 89
59400 89
59500 90
59600 90
59700 90
59800 90
59900 90
60000 90
60100 91
60200 91
60300 91
60400 91
60500 91
60600 92
60700 91
60800 91
60900 91
61000 92
61100 92
61200 92
61300 93
61400 93
61500 93
61600 93
61700 94
61800 93
61900 94
62000 94
62100 94
62200 94
62300 94
62400 94
62500 95
62600 95
62700 95
62800 95
62900 95
63000 96
63100 96
63200 96
63300 96
63400 96
63500 97
63600 97
63700 97
63800 97
63900 97
64000 97
64100 97
64200 98
64300 98
64400 98
64500 99
64600 98
64700 98
64800 99
64900 99
65000 99
65100 99
65200 100
65300 99
65400 100
65500 100
65600 99
65700 100
65800 100
65900 101
66000 100
66100 101
66200 101
66300 101
66400 102
66500 102
66600 102
66700 102
66800 101
66900 102
67000 102
67100 103
67200 103
67300 103
67400 103
67500 103
67600 104
67700 104
67800 104
67900 104
68000 104
68100 104
68200 104
68300 105
68400 105
68500 106
68600 105
68700 105
68800 105
68900 106
69000 106
69100 106
69200 106
69300 106
69400 107
69500 106
69600 107
69700 107
69800 108
69900 108
70000 108
70100 108
70200 108
70300 109
70400 108
70500 108
70600 108
70700 108
70800 109
70900 109
71000 110
71100 110
71200 110
71300 110
71400 111
71500 111
71600 111
71700 110
71800 111
71900 112
72000 111
72100 111
72200 111
72300 112
72400 112
72500 112
72600 112
72700 112
72800 112
72900 113
73000 113
73100 113
73200 114
73300 113
73400 114
73500 114
73600 114
73700 114
73800 114
73900 114
74000 115
74100 115
74200 115
74300 114
74400 115
74500 115
74600 116
74700 116
74800 117
74900 116
75000 116
75100 116
75200 116
75300 117
75400 116
75500 118
75600 118
75700 118
75800 118
75900 118
76000 118
76100 118
76200 119
76300 118
76400 119
76500 119
76600 120
76700 120
76800 119
76900 120
77000 120
77100 120
77200 120
77300 120
77400 120
77500 120
77600 121
77700 122
77800 121
77900 122
78000 121
78100 123
78200 122
78300 123
78400 123
78500 122
78600 122
78700 122
78800 122
78900 124
79000 123
79100 123
79200 123
79300 123
79400 124
79500 124
79600 125
79700 124
79800 125
79900 125
80000 125
80100 126
80200 125
80300 126
80400 126
80500 126
80600 126
80700 126
80800 127
80900 126
81000 127
81100 127
81200 128
81300 128
81400 127
81500 127
81600 128
81700 128
81800 129
81900 129
82000 128
82100 129
82200 129
82300 130
82400 130
82500 130
82600 131
82700 130
82800 130
82900 130
83000 131
83100 131
83200 130
83300 131
83400 132
83500 131
83600 131
83700 131
83800 132
83900 132
84000 133
84100 133
84200 133
84300 133
84400 134
84500 133
84600 133
84700 134
84800 134
84900 133
85000 133
85100 134
85200 134
85300 135
85400 135
85500 135
85600 135
85700 136
85800 135
85900 135
86000 136
86100 136
86200 136
86300 136
86400 137
86500 137
86600 137
86700 137
86800 137
86900 138
87000 138
87100 138
87200 139
87300 138
87400 138
87500 139
87600 139
87700 139
87800 139
87900 139
88000 139
88100 140
88200 140
88300 140
88400 140
88500 141
88600 140
88700 141
88800 141
88900 142
89000 141
89100 142
89200 142
89300 141
89400 142
89500 143
89600 143
89700 142
89800 143
89900 143
90000 142
90100 143
90200 144
90300 144
90400 143
90500 144
90600 145
90700 144
90800 144
90900 145
91000 145
91100 145
91200 145
91300 146
91400 146
91500 146
91600 146
91700 146
91800 147
91900 147
92000 147
92100 147
92200 147
92300 148
92400 147
92500 148
92600 148
92700 148
92800 148
92900 148
93000 149
93100 149
93200 149
93300 149
93400 149
93500 150
93600 150
93700 150
93800 151
93900 151
94000 150
94100 150
94200 151
94300 151
94400 151
94500 152
94600 152
94700 151
94800 152
94900 152
95000 152
95100 152
95200 154
95300 153
95400 152
95500 153
95600 152
95700 153
95800 153
95900 154
96000 153
96100 154
96200 154
96300 155
96400 154
96500 155
96600 155
96700 155
96800 155
96900 155
97000 156
97100 156
97200 156
97300 156
97400 156
97500 157
97600 157
97700 157
97800 157
97900 159
98000 158
98100 158
98200 158
98300 158
98400 159
98500 158
98600 159
98700 159
98800 158
98900 159
99000 160
99100 160
99200 159
99300 159
99400 160
99500 161
99600 161
99700 160
99800 162
99900 163
100000 161
