500 0
600 0
700 0
800 0
900 0
1000 0
1100 0
1200 0
1300 0
1400 0
1500 0
1600 0
1700 0
1800 0
1900 0
2000 1
2100 1
2200 1
2300 1
2400 1
2500 1
2600 1
2700 1
2800 1
2900 1
3000 1
3100 1
3200 1
3300 1
3400 1
3500 1
3600 1
3700 2
3800 2
3900 2
4000 2
4100 2
4200 2
4300 2
4400 2
4500 2
4600 2
4700 2
4800 2
4900 2
5000 2
5100 2
5200 2
5300 3
5400 3
5500 3
5600 3
5700 3
5800 3
5900 3
6000 3
6100 3
6200 3
6300 3
6400 3
6500 3
6600 3
6700 3
6800 3
6900 3
7000 4
7100 4
7200 4
7300 4
7400 4
7500 4
7600 4
7700 4
7800 4
7900 4
8000 4
8100 4
8200 4
8300 4
8400 5
8500 5
8600 5
8700 5
8800 5
8900 5
9000 5
9100 5
9200 5
9300 5
9400 5
9500 5
9600 5
9700 5
9800 5
9900 5
10000 5
10100 6
10200 6
10300 6
10400 6
10500 6
10600 6
10700 6
10800 6
10900 6
11000 6
11100 6
11200 6
11300 6
11400 7
11500 6
11600 7
11700 7
11800 7
11900 7
12000 7
12100 7
12200 7
12300 7
12400 7
12500 7
12600 7
12700 7
12800 7
12900 8
13000 7
13100 7
13200 8
13300 8
13400 8
13500 8
13600 8
13700 8
13800 8
13900 8
14000 8
14100 8
14200 8
14300 8
14400 8
14500 8
14600 9
14700 9
14800 9
14900 9
15000 9
15100 9
15200 9
15300 9
15400 9
15500 9
15600 9
15700 9
15800 9
15900 9
16000 9
16100 9
16200 10
16300 10
16400 10
16500 10
16600 10
16700 10
16800 10
16900 10
17000 10
17100 10
17200 10
17300 10
17400 10
17500 11
17600 11
17700 11
17800 11
17900 11
18000 11
18100 11
18200 11
18300 11
18400 11
18500 11
18600 11
18700 11
18800 11
18900 11
19000 11
19100 12
19200 12
19300 12
19400 12
19500 12
19600 12
19700 12
19800 12
19900 12
20000 12
20100 12
20200 12
20300 13
20400 13
20500 12
20600 13
20700 13
20800 13
20900 13
21000 13
21100 13
21200 13
21300 13
21400 13
21500 13
21600 13
21700 13
21800 13
21900 14
22000 14
22100 14
22200 14
22300 14
22400 14
22500 14
22600 14
22700 14
22800 14
22900 14
23000 14
23100 15
23200 15
23300 14
23400 15
23500 15
23600 15
23700 15
23800 15
23900 15
24000 15
24100 15
24200 15
24300 15
24400 15
24500 15
24600 15
24700 16
24800 16
24900 16
25000 16
25100 16
25200 16
25300 16
25400 16
25500 16
25600 16
25700 16
25800 16
25900 16
26000 16
26100 16
26200 17
26300 17
26400 17
26500 17
26600 17
26700 17
26800 17
26900 17
27000 17
27100 17
27200 17
27300 17
27400 17
27500 18
27600 18
27700 18
27800 18
27900 18
28000 18
28100 18
28200 18
28300 18
28400 18
28500 18
28600 18
28700 18
28800 18
28900 18
29000 19
29100 18
29200 19
29300 19
29400 19
29500 19
29600 19
29700 19
29800 19
29900 19
30000 19
30100 19
30200 19
30300 20
30400 19
30500 19
30600 20
30700 20
30800 20
30900 20
31000 20
31100 20
31200 20
31300 20
31400 20
31500 20
31600 20
31700 21
31800 21
31900 21
32000 21
32100 21
32200 21
32300 21
32400 21
32500 21
32600 21
32700 21
32800 21
32900 22
33000 21
33100 21
33200 22
33300 22
33400 22
33500 22
33600 22
33700 22
33800 22
33900 22
34000 22
34100 22
34200 22
34300 22
34400 22
34500 22
34600 22
34700 23
34800 23
34900 23
35000 23
35100 23
35200 23
35300 23
35400 24
35500 23
35600 23
35700 24
35800 24
35900 24
36000 24
36100 24
36200 24
36300 24
36400 24
36500 24
36600 24
36700 24
36800 24
36900 24
37000 24
37100 24
37200 24
37300 24
37400 25
37500 25
37600 24
37700 25
37800 25
37900 25
38000 25
38100 25
38200 25
38300 25
38400 25
38500 26
38600 26
38700 26
38800 26
38900 26
39000 25
39100 26
39200 26
39300 26
39400 26
39500 26
39600 26
39700 26
39800 26
39900 26
40000 27
40100 26
40200 27
40300 27
40400 27
40500 27
40600 27
40700 27
40800 27
40900 27
41000 27
41100 28
41200 28
41300 28
41400 27
41500 28
41600 28
41700 28
41800 28
41900 28
42000 28
42100 28
42200 28
42300 28
42400 28
42500 28
42600 28
42700 29
42800 29
42900 29
43000 29
43100 29
43200 29
43300 29
43400 29
43500 29
43600 29
43700 29
43800 30
43900 29
44000 30
44100 30
44200 29
44300 30
44400 30
44500 30
44600 30
44700 30
44800 30
44900 30
45000 30
45100 30
45200 30
45300 30
45400 31
45500 31
45600 30
45700 31
45800 31
45900 31
46000 31
46100 31
46200 31
46300 31
46400 31
46500 31
46600 31
46700 32
46800 31
46900 31
47000 32
47100 32
47200 32
47300 32
47400 32
47500 32
47600 32
47700 32
47800 32
47900 33
48000 32
48100 33
48200 33
48300 32
48400 32
48500 33
48600 33
48700 33
48800 33
48900 33
49000 33
49100 33
49200 33
49300 34
49400 33
49500 33
49600 34
49700 34
49800 34
49900 34
50000 33
50100 34
50200 34
50300 34
50400 34
50500 35
50600 34
50700 34
50800 34
50900 35
51000 35
51100 35
51200 35
51300 35
51400 35
51500 35
51600 35
51700 36
51800 35
51900 35
52000 35
52100 35
52200 35
52300 35
52400 36
52500 36
52600 36
52700 36
52800 36
52900 36
53000 36
53100 36
53200 36
53300 36
53400 36
53500 36
53600 36
53700 37
53800 36
53900 37
54000 37
54100 37
54200 37
54300 38
54400 37
54500 37
54600 38
54700 37
54800 37
54900 37
55000 38
55100 37
55200 37
55300 38
55400 38
55500 38
55600 38
55700 38
55800 38
55900 38
56000 39
56100 39
56200 39
56300 39
56400 39
56500 39
56600 39
56700 39
56800 39
56900 40
57000 39
57100 39
57200 39
57300 40
57400 39
57500 39
57600 40
57700 40
57800 40
57900 40
58000 40
58100 40
58200 40
58300 40
58400 40
58500 40
58600 40
58700 40
58800 41
58900 40
59000 41
59100 40
59200 41
59300 41
59400 41
59500 41
59600 41
59700 41
59800 41
59900 41
60000 41
60100 41
60200 42
60300 41
60400 42
60500 42
60600 42
60700 42
60800 42
60900 42
61000 42
61100 42
61200 42
61300 42
61400 42
61500 42
61600 43
61700 43
61800 43
61900 43
62000 42
62100 43
62200 43
62300 43
62400 43
62500 43
62600 43
62700 44
62800 44
62900 43
63000 44
63100 44
63200 44
63300 44
63400 44
63500 44
63600 44
63700 45
63800 44
63900 45
64000 44
64100 45
64200 45
64300 45
64400 44
64500 45
64600 44
64700 45
64800 45
64900 45
65000 45
65100 45
65200 46
65300 45
65400 46
65500 45
65600 45
65700 46
65800 46
65900 46
66000 46
66100 47
66200 46
66300 46
66400 46
66500 46
66600 47
66700 46
66800 46
66900 46
67000 47
67100 47
67200 47
67300 47
67400 47
67500 47
67600 47
67700 47
67800 47
67900 48
68000 47
68100 47
68200 48
68300 47
68400 48
68500 48
68600 48
68700 48
68800 48
68900 48
69000 49
69100 48
69200 49
69300 48
69400 48
69500 49
69600 48
69700 49
69800 49
69900 49
70000 49
70100 50
70200 49
70300 49
70400 49
70500 49
70600 49
70700 49
70800 50
70900 50
71000 50
71100 50
71200 50
71300 50
71400 50
71500 51
71600 50
71700 50
71800 51
71900 51
72000 50
72100 51
72200 50
72300 51
72400 51
72500 51
72600 50
72700 51
72800 51
72900 51
73000 51
73100 51
73200 52
73300 52
73400 51
73500 52
73600 52
73700 52
73800 52
73900 52
74000 53
74100 53
74200 52
74300 52
74400 53
74500 52
74600 53
74700 53
74800 53
74900 53
75000 53
75100 53
75200 53
75300 54
75400 54
75500 54
75600 55
75700 53
75800 54
75900 53
76000 53
76100 53
76200 54
76300 53
76400 54
76500 54
76600 54
76700 55
76800 54
76900 54
77000 55
77100 55
77200 54
77300 55
77400 54
77500 54
77600 54
77700 56
77800 55
77900 55
78000 55
78100 55
78200 55
78300 55
78400 56
78500 55
78600 55
78700 56
78800 55
78900 56
79000 56
79100 56
79200 56
79300 56
79400 56
79500 56
79600 56
79700 56
79800 57
79900 57
80000 56
80100 57
80200 57
80300 57
80400 57
80500 57
80600 57
80700 57
80800 58
80900 57
81000 58
81100 57
81200 58
81300 58
81400 57
81500 58
81600 58
81700 58
81800 58
81900 58
82000 58
82100 58
82200 58
82300 58
82400 59
82500 58
82600 59
82700 59
82800 59
82900 59
83000 60
83100 60
83200 59
83300 59
83400 61
83500 59
83600 59
83700 60
83800 59
83900 60
84000 60
84100 60
84200 60
84300 61
84400 60
84500 60
84600 60
84700 61
84800 61
84900 60
85000 60
85100 61
85200 60
85300 62
85400 61
85500 61
85600 61
85700 62
85800 61
85900 61
86000 61
86100 62
86200 62
86300 62
86400 61
86500 62
86600 63
86700 61
86800 62
86900 62
87000 62
87100 63
87200 63
87300 63
87400 62
87500 63
87600 62
87700 62
87800 63
87900 63
88000 63
88100 63
88200 63
88300 63
88400 63
88500 64
88600 64
88700 64
88800 63
88900 64
89000 64
89100 64
89200 64
89300 64
89400 64
89500 64
89600 65
89700 64
89800 65
89900 65
90000 64
90100 65
90200 65
90300 65
90400 64
90500 65
90600 64
90700 65
90800 65
90900 66
91000 65
91100 64
91200 65
91300 66
91400 66
91500 66
91600 66
91700 65
91800 67
91900 66
92000 66
92100 66
92200 66
92300 67
92400 66
92500 67
92600 66
92700 67
92800 68
92900 66
93000 67
93100 67
93200 67
93300 68
93400 68
93500 67
93600 67
93700 67
93800 68
93900 68
94000 67
94100 68
94200 69
94300 68
94400 69
94500 68
94600 68
94700 68
94800 68
94900 68
95000 68
95100 69
95200 70
95300 69
95400 69
95500 68
95600 68
95700 68
95800 69
95900 70
96000 69
96100 70
96200 69
96300 69
96400 70
96500 69
96600 69
96700 70
96800 69
96900 70
97000 70
97100 70
97200 70
97300 70
97400 70
97500 71
97600 71
97700 70
97800 71
97900 71
98000 71
98100 71
98200 71
98300 71
98400 72
98500 70
98600 70
98700 71
98800 72
98900 71
99000 72
99100 72
99200 71
99300 72
99400 71
99500 72
99600 72
99700 72
99800 73
99900 73
100000 72
